交,霅訾誨,霅詨蝔,鈭方⊥,鈭日憿,文,擃,雿,嗥文,瞍脰孵榆,鈭斤
"1150624","00400A","銝餃瘜啣賡","99293429","1474754634","14.92","15.02","14.71","14.92","-0.2500","24755"
"1150624","00401A","銝餃拇孵啁急","6971390","95884103","13.90","13.90","13.68","13.82","-0.2000","1496"
"1150624","00402A","銝餃摰舐蝘","19353120","189705779","9.85","9.85","9.76","9.81","-0.1600","6760"
"1150624","00403A","銝餃蝯曹蝝50","374593965","4094916636","10.84","11.08","10.81","11.04","-0.0600","73433"
"1150624","00404A","銝餃臬50","25689880","260372855","10.21","10.24","10.06","10.20","-0.1500","4392"
"1150624","00405A","銝餃撖血啁樴","140699340","1315785366","9.40","9.47","9.25","9.42","-0.0900","29885"
"1150624","00406A","銝餃銝凋縑啁嗥","41919926","424506494","10.17","10.26","10.01","10.21","-0.0900","8554"
"1150624","00407A","銝餃勗箏啁","679818544","6677344945","9.86","9.94","9.75","9.88","-0.0300","112858"
"1150624","0050","憭批啁50","235939737","25256473313","108.00","108.10","106.15","107.15","-2.9500","420543"
"1150624","0051","憭找葉100","86712","12752527","143.95","148.50","143.95","148.50","1.2000","507"
"1150624","0052","撖衣","48847758","3075117443","63.15","63.50","62.40","63.05","-1.5500","44658"
"1150624","0053","憭折餃","59045","14397543","244.60","244.60","242.15","243.15","-7.5500","2296"
"1150624","0055","憭冶SCI","1048444","44456458","42.77","42.77","42.11","42.16","-0.9600","1031"
"1150624","0056","憭折⊥","50678632","2679306377","52.80","53.40","52.50","53.15","-0.4500","46078"
"1150624","0057","撖行拙","11777","3730858","317.50","318.20","315.25","317.20","-8.0000","294"
"1150624","0061","憭批窄皛祆楛","205043","5180032","25.30","25.36","25.15","25.31","-0.1200","182"
"1150624","006203","憭冶SCI啁","18021","3502492","195.45","195.45","193.30","194.40","-7.0000","128"
"1150624","006204","瘞貉箇甈","12421","2860985","234.00","234.00","229.85","230.25","-5.6000","139"
"1150624","006205","撖虫閮","280789","11581167","41.23","41.46","41.10","41.46","0.0000","192"
"1150624","006206","憭找霅50","25458","944557","37.03","37.28","37.00","37.13","-0.3800","129"
"1150624","006207","敺抵舀賑瘛","311930","10571450","33.92","34.00","33.84","33.90","-0.1800","127"
"1150624","006208","撖血50","5338043","1323168756","249.65","249.65","245.90","247.95","-6.4000","27596"
"1150624","00625K","撖虫閮+R","9000","81270","9.03","9.03","9.03","9.03","0.0600","5"
"1150624","00631L","憭批啁50甇2","647855547","24717649297","38.73","38.73","37.49","38.08","-2.1200","276301"
"1150624","00632R","憭批啁501","256734492","2579975345","9.99","10.15","9.97","10.04","0.2200","21488"
"1150624","00633L","撖虫閮潭迤2","1874985","97654417","52.15","52.45","51.70","52.35","-0.5000","376"
"1150624","00634R","撖虫閮澆1","238999","727206","3.04","3.06","3.04","3.04","0.0200","12"
"1150624","00635U","憭刨&P暺","4617373","196342029","42.69","42.77","42.32","42.45","-0.6300","5194"
"1150624","00636","瘜唬葉A50","472502","13612133","29.20","29.20","28.59","28.82","-0.1000","224"
"1150624","00636K","瘜唬葉A50+U","200","1822","9.11","9.11","9.11","9.11","-0.1600","2"
"1150624","00637L","憭扳賑瘛300甇2","23770648","513296523","21.69","21.75","21.41","21.75","-0.1100","2626"
"1150624","00638R","憭扳賑瘛3001","242000","1577220","6.51","6.55","6.51","6.52","0.0500","34"
"1150624","00639","撖行楛100","1446534","26639442","18.49","18.55","18.19","18.54","-0.0200","303"
"1150624","00640L","撖行交祆迤2","327841","33586032","104.45","104.45","100.90","102.30","-2.7500","284"
"1150624","00641R","撖行交砍1","5043091","19271871","3.81","3.85","3.80","3.82","0.0500","225"
"1150624","00642U","憭刨&P單硃","3969095","94093671","23.78","23.85","23.57","23.75","-0.3000","1215"
"1150624","00643","蝢斤瘛梯釆銝剖","2157178","43990064","20.25","20.64","20.10","20.62","0.2700","214"
"1150624","00643K","蝢斤瘛梯釆銝剖+R","2000","8730","4.37","4.37","4.36","4.36","-0.0600","2"
"1150624","00645","撖行交","92392","5165251","56.00","56.15","55.65","56.00","-0.6000","310"
"1150624","00646","憭刨&P500","2246542","165153471","73.40","73.75","73.35","73.75","0.0500","3993"
"1150624","00647L","憭刨&P500甇2","48235","6265880","130.05","130.25","129.50","130.25","-0.7000","136"
"1150624","00648R","憭刨&P5001","1674330","6786356","4.06","4.07","4.05","4.07","0.0300","117"
"1150624","00650L","敺抵舫皜舀迤2","4458310","64656655","14.68","14.68","14.36","14.57","0.0800","694"
"1150624","00651R","敺抵舫皜臬1","217949","1236209","5.68","5.70","5.64","5.68","0.0100","70"
"1150624","00652","撖血啣漲","671964","21956550","32.65","32.84","32.62","32.84","-0.1100","276"
"1150624","00653L","撖血啣漲甇2","147680","6758350","45.67","46.10","45.40","46.03","-0.5300","83"
"1150624","00654R","撖血啣漲1","83200","564504","6.81","6.82","6.78","6.78","0.0500","8"
"1150624","00655L","瘜唬葉A50甇2","2043364","74074958","36.76","36.76","36.01","36.49","-0.3200","297"
"1150624","00656R","瘜唬葉A501","120101","692175","5.77","5.80","5.76","5.80","0.0700","12"
"1150624","00657","瘜唳亦225","60747","4880262","80.30","80.60","79.95","80.60","-1.7000","79"
"1150624","00657K","瘜唳亦225+U","200","5070","25.35","25.35","25.35","25.35","-0.9100","2"
"1150624","00660","憭扳瘣50","47013","2127424","45.65","45.65","45.21","45.21","-0.5900","95"
"1150624","00661","憭扳亦225","119635","10669028","89.50","89.80","88.25","89.50","-1.2500","347"
"1150624","00662","撖吉ASDAQ","9665497","1159769674","120.05","120.55","119.45","120.45","-1.0500","8614"
"1150624","00663L","瘜啗箇甈甇2","22619276","2502229171","111.40","112.40","108.30","110.55","-5.6000","12571"
"1150624","00664R","瘜啗箇甈1","55939161","91277695","1.63","1.65","1.61","1.62","0.0100","1523"
"1150624","00665L","撖行隡甇2","22302762","177883850","8.07","8.08","7.90","7.98","-0.0200","2045"
"1150624","00666R","撖行隡1","88000","872990","9.91","9.98","9.88","9.91","0.0100","17"
"1150624","00668","瘜啁","135036","8067534","59.40","59.85","59.40","59.85","0.2500","93"
"1150624","00668K","瘜啁+U","200","3778","18.89","18.89","18.89","18.89","-0.0100","2"
"1150624","00669R","瘜啁1","333700","1780613","5.34","5.34","5.32","5.34","0.0000","86"
"1150624","00670L","撖吉ASDAQ甇2","1972827","405227127","205.80","206.50","203.25","206.10","-5.3000","2500"
"1150624","00671R","撖吉ASDAQ1","10553558","25744159","2.44","2.45","2.42","2.44","0.0300","401"
"1150624","00673R","憭刨&P瘝孵1","19109784","292153266","15.23","15.38","15.19","15.27","0.2200","2031"
"1150624","00674R","憭刨&P暺1","571401","17255448","30.02","30.34","30.00","30.22","0.4200","178"
"1150624","00675L","撖西箇甈甇2","4468424","1496386352","338.25","340.45","328.00","335.05","-16.7500","6536"
"1150624","00676R","撖西箇甈1","14959085","82815200","5.51","5.59","5.49","5.52","0.1100","994"
"1150624","00678","蝢斤舫","698860","26348894","37.77","37.77","37.55","37.73","0.8600","190"
"1150624","00680L","憭抒20甇2","17339412","121545191","6.98","7.04","6.98","7.00","0.0300","710"
"1150624","00681R","憭抒201","3000","62640","20.88","20.88","20.88","20.88","-0.0500","1"
"1150624","00682U","憭抒","5000","103250","20.67","20.67","20.64","20.66","-0.1300","3"
"1150624","00683L","憭抒甇2","73116","1621404","22.15","22.20","22.15","22.17","0.0800","29"
"1150624","00684R","憭抒1","12986","192644","14.90","14.90","14.82","14.82","-0.1100","12"
"1150624","00685L","蝢斤箇甈甇2","11736866","3558796957","306.20","308.20","297.30","304.20","-14.3500","35561"
"1150624","00686R","蝢斤箇甈1","8137563","8076040","0.98","1.00","0.98","0.99","0.0300","271"
"1150624","00688L","瘜20撟渡菜迤2","5168892","36126257","6.96","7.01","6.96","6.98","0.0200","267"
"1150624","00689R","瘜20撟渡萄1","123010","2683849","21.83","21.83","21.81","21.81","-0.0200","5"
"1150624","00690","鞊蝐30","657759","53945358","83.00","83.00","81.05","82.40","-1.8500","1274"
"1150624","00692","撖血砍豢祥","2071440","191364676","92.65","93.00","91.65","92.35","-2.7000","2999"
"1150624","00693U","銵Π&P暺鞊","265272","5525952","20.83","20.86","20.79","20.82","0.0500","119"
"1150624","00700","撖行隡","217186","3399215","15.72","15.72","15.58","15.68","-0.0100","175"
"1150624","00701","瘜啗∪拍移30","1468756","58626406","39.90","40.46","39.66","39.99","-0.1600","633"
"1150624","00702","瘜唳桐瘜ａ","107983","2617486","24.30","24.30","24.22","24.22","0.0700","64"
"1150624","00703","唳衽SCI銝剖","61134","1109102","18.11","18.20","18.09","18.20","-0.0300","23"
"1150624","00706L","憭刨&P亙甇2","1395842","26005206","18.65","18.66","18.62","18.66","0.0100","245"
"1150624","00707R","憭刨&P亙1","400","12968","0.00","0.00","0.00","0.00","0.0000","1"
"1150624","00708L","憭刨&P暺甇2","5090695","365048466","72.20","72.70","70.95","71.65","-2.0000","3677"
"1150624","00709","撖行瘣","15398","597805","38.76","39.05","38.71","38.97","0.2000","129"
"1150624","00710B","敺抵臬蔬蝑","235179","4426330","18.76","18.84","18.76","18.82","0.0400","33"
"1150624","00711B","敺抵臬蔬啗","103208","1660537","16.06","16.09","16.06","16.07","0.0100","6"
"1150624","00712","敺抵臬銝","25232043","216456363","8.55","8.61","8.55","8.60","0.0700","4615"
"1150624","00713","憭批啁擃臭瘜","7433690","446940234","60.00","60.50","59.70","60.50","0.0500","4682"
"1150624","00714","蝢斤蝢啁","288272","6309100","21.69","21.90","21.69","21.90","0.4000","121"
"1150624","00715L","銵撣剔寞迤2","8488230","307831891","36.40","36.64","35.95","36.46","-0.7600","2546"
"1150624","00717","撖衣孵亥","229619","3415357","14.88","14.91","14.82","14.91","0.0300","127"
"1150624","00728","蝚砌撌交平30","107189","7069775","66.15","67.15","65.55","66.50","-0.5500","380"
"1150624","00730","撖西箇芾釭擃","159938","4558050","28.65","28.81","28.37","28.78","0.0800","321"
"1150624","00731","敺抵臬擃臭瘜","639345","57485236","90.10","90.30","89.65","89.75","-1.1500","180"
"1150624","00733","撖西箇銝剖","980646","74268223","75.90","76.75","74.80","76.60","0.4500","863"
"1150624","00735","瘜啗粹蝘","5881208","674526431","115.00","116.45","113.00","115.95","-0.7500","7461"
"1150624","00736","瘜唳啗撣","159047","4920568","30.95","30.97","30.88","30.90","-0.6100","83"
"1150624","00737","瘜蚊I璈其犖","99676","3700293","37.19","37.20","37.10","37.20","-0.1100","200"
"1150624","00738U","憭折賡","7436601","366956817","49.38","49.84","48.94","49.49","-1.0600","4052"
"1150624","00739","憭冶SCI A","126796","3722093","29.50","29.50","29.30","29.41","-0.2100","87"
"1150624","00752","銝凋縑銝剖50","11225562","236178227","21.23","21.23","20.95","21.17","0.1500","1477"
"1150624","00753L","銝凋縑銝剖50甇2","16970673","144251492","8.58","8.61","8.42","8.55","0.0000","2099"
"1150624","00757","蝯曹FANG+","3299124","412605452","125.00","125.85","124.50","125.50","-0.3500","3284"
"1150624","00762","憭批函AI","429829","50412936","117.75","117.80","116.40","117.75","-2.3000","770"
"1150624","00763U","銵","1084223","35574211","32.88","32.98","32.69","32.78","-0.7600","652"
"1150624","00770","瘜啣蝢蝘","581887","38866980","67.05","67.10","66.45","67.05","-0.8500","733"
"1150624","00771","憭助S擃舐孵亥","58133","910173","15.70","15.70","15.64","15.65","-0.0500","88"
"1150624","00775B","啣蝑15+","0","0","0.00","0.00","0.00","0.00","0.0000","0"
"1150624","00783","撖虫葉閮500","288451","8863336","30.59","31.05","30.49","31.05","0.2400","142"
"1150624","00830","瘜啗祥撠擃","20194896","1943687407","96.55","96.90","95.20","96.70","-2.6000","28862"
"1150624","00850","憭扯箇ΒSG瘞貊","1093410","99916260","91.50","92.15","90.80","91.85","-1.9500","2213"
"1150624","00851","唳啣函AI","20946","1501177","72.50","72.50","70.95","71.85","-2.5000","109"
"1150624","00852L","瘜啁甇2","59314","2006181","33.81","33.86","33.79","33.85","0.2000","35"
"1150624","00861","憭批函芯閮","189156","17840413","96.00","96.00","93.50","94.90","-1.6500","3620"
"1150624","00865B","瘜託S剜砍","3489293","168270810","48.17","48.32","48.16","48.32","0.1700","858"
"1150624","00875","瘜啁雯頝航摰","139270","6474770","46.44","46.60","46.31","46.60","1.1900","151"
"1150624","00876","憭批函5G","597460","59583379","99.85","100.25","99.50","100.20","-2.9000","2417"
"1150624","00878","瘜唳偶蝥擃⊥","45814735","1536371088","33.60","33.87","33.37","33.66","-0.3200","37346"
"1150624","00881","瘜啣啁蝘樴","20238930","1117093625","55.50","55.70","54.65","55.35","-1.3500","14307"
"1150624","00882","銝凋縑銝剖擃⊥","19655285","295787379","15.13","15.20","14.99","15.01","-0.1500","4899"
"1150624","00885","撖西","5049871","95725525","18.84","19.14","18.81","18.89","-0.0900","1275"
"1150624","00891","銝凋縑萄撠擃","37495998","1409527657","37.96","38.02","37.26","37.76","-0.9400","19185"
"1150624","00892","撖血啁撠擃","2218056","101082911","45.43","46.14","45.23","46.13","-0.7500","1746"
"1150624","00893","瘜唳箄賡餃頠","634931","29193066","46.00","46.12","45.86","46.10","-1.1500","694"
"1150624","00894","銝凋縑撠鞈擃30","2124330","104462922","49.50","49.63","48.59","49.53","-0.9700","2263"
"1150624","00895","撖行芯頠","529459","27093591","51.05","51.35","50.90","51.30","-1.3000","586"
"1150624","00896","銝凋縑蝬賢餃頠","5418072","150236780","27.67","28.14","27.49","28.08","-0.0300","2512"
"1150624","00897","撖血箏怎","3303467","34305432","10.28","10.43","10.27","10.42","0.3000","703"
"1150624","00898","瘜啣箏恍拙","2805532","24209812","8.53","8.68","8.53","8.68","0.2300","614"
"1150624","00899","FT瞏瘛刻賣","39930","1052187","26.50","26.50","26.20","26.35","-0.6100","136"
"1150624","00900","撖衣寥賊⊥30","5246124","102806305","19.59","19.85","19.40","19.69","-0.1000","1782"
"1150624","00901","瘞貉箄質靘","577199","27094818","47.68","47.68","46.56","47.12","-1.0600","325"
"1150624","00902","銝凋縑餅脰","1205114","18434066","15.36","15.50","15.18","15.49","-0.0700","570"
"1150624","00903","撖血摰摰","79123","1645953","20.80","20.83","20.74","20.78","-0.5900","151"
"1150624","00904","啣箇撠擃30","2804361","122326711","43.80","44.10","43.22","43.87","-0.9600","2218"
"1150624","00905","FT箇Πmart","2918099","82233518","28.37","28.41","27.97","28.41","-0.4300","2042"
"1150624","00907","瘞貉芣臬","912091","14867590","16.30","16.41","16.14","16.32","0.0000","426"
"1150624","00908","撖血交爹EITs+","38891","575715","14.74","14.86","14.74","14.86","0.1200","31"
"1150624","00909","瘜唳訾臭","1311392","66164612","50.20","50.65","50.20","50.60","0.2000","1083"
"1150624","00910","蝚砌憭芰征銵","3232223","201459240","62.00","62.75","61.90","62.70","0.4000","4858"
"1150624","00911","鞊瘣脤撠擃","831064","54594045","65.20","66.20","65.00","66.00","-2.2000","2963"
"1150624","00912","銝凋縑箇箸50","1593811","54912023","34.83","34.83","34.22","34.64","-0.7000","737"
"1150624","00913","鞊啁嗅鋆賡","4120167","224213747","53.90","55.65","53.85","54.95","-0.4000","1771"
"1150624","00915","勗箏芷賊⊥30","4105878","135395278","32.83","33.51","32.66","33.03","-0.1500","1340"
"1150624","00916","瘜啣函50","2273478","56622400","24.78","25.04","24.76","25.04","0.1900","1278"
"1150624","00917","銝凋縑寥賊","406193","9105158","22.37","22.43","22.37","22.42","0.0500","361"
"1150624","00918","憭扯臬芸拚憛急30","53625315","1710145729","31.61","32.30","31.45","32.08","0.0800","13652"
"1150624","00919","蝢斤啁蝎暸賊","106172952","3208840996","30.25","30.50","30.05","30.21","-0.3700","58237"
"1150624","00920","撖划SG蝬脤餃","523110","13721442","26.27","26.33","26.11","26.33","-0.5500","372"
"1150624","00921","鞊樴剔甈","1715009","39585192","23.09","23.30","23.02","23.22","-0.2200","215"
"1150624","00922","瘜啣啁鋡50","16460928","675410058","41.30","41.33","40.75","41.12","-0.9800","12035"
"1150624","00923","蝢斤蚩SG雿蝣50","7305920","313576938","43.40","43.40","42.58","43.01","-1.1400","4084"
"1150624","00924","敺抵特&P500","2560600","81248729","31.74","31.83","31.62","31.82","-0.1100","2364"
"1150624","00926","勗箏函55","372554","9097821","24.42","24.48","24.38","24.48","-0.0900","338"
"1150624","00927","蝢斤撠擃嗥","27588102","1152748975","41.80","42.48","41.35","42.15","-0.5500","12340"
"1150624","00929","敺抵臬啁蝘芣","39064400","1220389577","31.22","31.81","30.86","31.55","-0.1000","11409"
"1150624","00930","瘞貉ESG雿蝣喲","926976","23753003","25.86","26.11","25.41","25.76","-0.3500","329"
"1150624","00932","鞊瘞貊擃舐甈","795641","13977312","17.42","17.68","17.42","17.61","-0.0700","187"
"1150624","00934","銝凋縑琿⊥","2699555","75980894","28.27","28.40","27.97","28.32","-0.3700","1514"
"1150624","00935","箇啁50","26374772","1620258885","61.75","62.15","60.80","61.90","-1.3000","18477"
"1150624","00936","唳唳偶蝥擃臭葉撠","2293560","47127993","20.43","20.76","20.37","20.72","0.0900","401"
"1150624","00938","勗箏芷30","1194512","29375706","24.62","24.74","24.40","24.41","-0.6300","258"
"1150624","00939","蝯曹啁擃臬","3804099","81998642","21.54","21.70","21.45","21.54","-0.2800","1344"
"1150624","00940","憭批啁孵潮","15596643","196422249","12.58","12.74","12.50","12.66","-0.0300","3233"
"1150624","00941","銝凋縑銝皜詨撠擃","3884725","109169133","28.00","28.25","27.93","28.21","-0.7400","2820"
"1150624","00943","鞊餃擃舐甈","329102","7423517","22.51","22.89","22.44","22.78","0.0300","130"
"1150624","00944","頞典Ｗ賡","1837538","40509533","22.04","22.20","21.89","22.12","-0.1300","291"
"1150624","00945B","勗箇蝑","7341715","106146420","14.44","14.48","14.43","14.48","0.0400","772"
"1150624","00946","蝢斤蝘擃舀","5289415","80689385","15.21","15.41","15.16","15.33","-0.1300","1156"
"1150624","00947","唳啗箇ΖC閮剛","14342232","576304431","40.50","40.93","39.76","40.70","-0.5400","9183"
"1150624","00949","敺抵舀交祇","625911","12723114","20.40","20.40","20.25","20.32","-0.1700","388"
"1150624","00951","唳唳交砍撠擃","6829391","134632315","19.85","19.96","19.39","19.87","-0.5900","2428"
"1150624","00952","勗箏啁ｘI50","5877901","109308500","18.43","18.82","18.39","18.76","0.1400","801"
"1150624","00953B","蝢斤芷賊蝑","32895440","316928760","9.62","9.65","9.61","9.64","0.0100","3382"
"1150624","00954","銝凋縑交砍撠擃","7107971","149407754","20.97","21.35","20.66","21.20","-0.6900","2198"
"1150624","00956","銝凋縑亦擃⊥","315405","3809407","12.08","12.14","12.04","12.06","-0.1000","206"
"1150624","00960","函芷樴","467465","8228683","17.47","17.66","17.47","17.64","0.2300","265"
"1150624","00961","FT箇瘞貊擃","3788834","47989493","12.61","12.73","12.58","12.73","0.0100","1057"
"1150624","00962","唳蚊I芣臬","1034908","15241883","14.75","14.87","14.66","14.86","0.0100","289"
"1150624","00963","銝凋縑函擃⊥","1140986","14180380","12.42","12.44","12.41","12.44","0.0400","260"
"1150624","00964","銝凋縑鈭憭芷⊥","4024478","56543141","14.10","14.16","13.97","14.07","-0.1100","880"
"1150624","00965","憭扯芸云脰蝘","3017294","74435823","24.80","24.80","24.58","24.78","-0.1000","1119"
"1150624","00971","蝢潮","439924","7218407","16.39","16.47","16.35","16.47","0.0900","310"
"1150624","00972","交砍賡","109969","2099735","19.20","19.20","19.03","19.03","-0.2200","45"
"1150624","009800","銝凋縑NASDAQ","1250265","16222638","12.99","13.04","12.93","13.04","-0.1000","914"
"1150624","009801","銝凋縑蝢菜啁","694363","8467491","12.26","12.26","12.14","12.24","-0.1600","339"
"1150624","009802","撖行50","5644395","109372444","19.70","19.70","19.19","19.49","-0.4300","2485"
"1150624","009803","撅勗澆50","4858064","106055154","21.99","22.00","21.68","21.95","-0.4700","2332"
"1150624","009804","舫血啁移敶50","1572670","37861568","24.17","24.29","23.91","24.18","-0.5500","798"
"1150624","009805","啣蝢餃箏遣","12246608","205849856","16.80","16.85","16.77","16.82","-0.3600","3421"
"1150624","009808","臬瘞豢芷50","1126434","35781350","32.50","32.50","31.51","31.78","-0.7200","182"
"1150624","009809","撖行楊診SG50","2363191","42230378","17.95","18.02","17.75","17.97","-0.2900","207"
"1150624","00980A","銝餃箇芷","12721312","312511049","24.63","24.87","24.31","24.76","-0.3300","4504"
"1150624","009810","撅勗函蝐100","290678","5819901","20.01","20.10","19.99","20.10","0.0900","96"
"1150624","009811","蝯曹蝢50","5479954","69234564","12.58","12.65","12.58","12.64","-0.0200","741"
"1150624","009812","交祆梯","1204241","14736934","12.31","12.31","12.15","12.22","-0.1000","271"
"1150624","009813","鞎敺瑟桀頞50","7166848","77199803","10.75","10.80","10.75","10.80","-0.0500","987"
"1150624","009816","勗箏啁ΡOP50","338031402","5258013968","15.72","15.73","15.43","15.56","-0.4100","110404"
"1150624","009817","瘜唳交砌","1803230","15608070","8.63","8.72","8.63","8.71","0.1000","273"
"1150624","009818","臬瘞豢NASDAQxT","476586","9303522","19.71","19.71","19.46","19.58","-0.1400","118"
"1150624","009819","銝凋縑豢餃","9932591","102303185","10.29","10.34","10.28","10.34","-0.0600","3267"
"1150624","00981A","銝餃蝯曹啗∪","267480386","8297305943","31.05","31.60","30.70","31.48","-0.1200","93181"
"1150624","00981T","撟唾﹛勗粹豢嗆","1726495","21114744","12.27","12.27","12.21","12.23","-0.0600","403"
"1150624","009820","憭抒舫蝎暸","23529018","230012594","9.78","9.85","9.73","9.77","-0.2300","5816"
"1150624","009821","蝔菔皞","139949367","2102855246","14.98","15.12","14.96","15.03","-0.6700","40884"
"1150624","00982A","銝餃蝢斤啁撘瑟","36358989","885479926","24.37","24.69","24.10","24.62","-0.1700","12705"
"1150624","00982D","銝餃撖血交","767922","7644134","9.96","9.97","9.94","9.96","0.0300","142"
"1150624","00982T","撟唾﹛鞊啁","66432","1049112","15.82","15.85","15.75","15.85","-0.1500","53"
"1150624","00983A","銝餃銝凋縑ARK菜","3636706","42609315","11.71","11.77","11.67","11.75","-0.0400","685"
"1150624","00983D","銝餃撖西嗥","1837119","18585051","10.07","10.13","10.07","10.12","0.0300","206"
"1150624","00984A","銝餃摰臬啁擃","10537819","175882247","16.64","16.86","16.57","16.75","-0.1300","4119"
"1150624","00984D","銝餃臬函","14436210","145914827","10.10","10.12","10.09","10.11","0.0200","828"
"1150624","00985A","銝餃啁50","5054381","111509241","22.08","22.25","21.87","22.20","-0.3600","2916"
"1150624","00985B","蝢斤ESG蝑0-5","9480096","96768884","10.19","10.23","10.18","10.23","0.0400","673"
"1150624","00986A","銝餃唳圈剜","827732","12553972","15.48","15.48","15.11","15.23","-0.3300","295"
"1150624","00987A","銝餃唳啣芸Ｘ","4336440","74719974","17.19","17.54","17.01","17.48","-0.0900","1393"
"1150624","00988A","銝餃蝯曹函菜","131974087","2941031996","22.40","22.54","22.01","22.53","-0.3800","50682"
"1150624","00989A","銝餃拇寧蝘","1795345","32202059","18.00","18.00","17.86","17.98","-0.2400","336"
"1150624","00990A","銝餃憭你I啁瞈","72249056","1473040957","20.49","20.60","20.14","20.51","-0.5700","20616"
"1150624","00991A","銝餃敺抵舀芯50","132219490","2670424584","20.19","20.50","19.99","20.39","-0.1700","42971"
"1150624","00992A","銝餃蝢斤蝘菜","51663280","958870325","18.55","18.87","18.33","18.74","-0.2100","14917"
"1150624","00993A","銝餃摰臬啁","10256183","144069498","14.04","14.27","13.90","14.18","-0.1100","2324"
"1150624","00994A","銝餃蝚砌啗∪","7721235","136437390","17.68","17.96","17.53","17.94","-0.1300","3076"
"1150624","00995A","銝餃銝凋縑啁頞","9332031","167187495","17.92","18.18","17.68","18.04","-0.2800","2278"
"1150624","00996A","銝餃鞊啁鞊","10223828","159123892","15.60","15.82","15.43","15.73","-0.1200","1977"
"1150624","00997A","銝餃蝢斤蝢憓","52456704","737909045","14.12","14.16","13.98","14.16","-0.3400","14456"
"1150624","00999A","銝餃箇擃","24725018","272179090","11.01","11.12","10.94","11.10","-0.1000","6708"
"1150624","01001T","撖吐1","3000","34820","11.60","11.62","11.60","11.62","0.0000","3"
"1150624","01002T","瘜訌1","151029","2106395","13.97","13.98","13.91","13.96","-0.0300","22"
"1150624","01004T","撖吐2","72000","753850","11.00","11.00","10.41","10.41","-0.0100","61"
"1150624","01007T","鞊瘜訌2","434015","5473174","12.61","12.63","12.60","12.60","-0.0100","118"
"1150624","01009T","皛燎1","43000","246380","5.73","5.73","5.72","5.72","0.0000","6"
"1150624","01010T","鈭砍璅撖R1","169670","1694793","9.97","10.00","9.97","10.00","0.0000","16"
"1150624","020000","撖衣寥貉N","3000","102430","34.34","34.34","33.96","33.96","0.0000","3"
"1150624","020011","蝯曹敺格郭擃20N","0","0","0.00","0.00","0.00","0.00","0.0000","0"
"1150624","020012","撖西閮N","0","0","0.00","0.00","0.00","0.00","0.0000","0"
"1150624","02001L","撖西甇鈭N","217000","37856350","171.90","181.00","171.40","179.00","-6.6000","133"
"1150624","020020","憭批啗⊿杰","57000","1608510","28.20","28.30","28.13","28.13","-1.4400","10"
"1150624","020028","憭抒寥賊餃頠N","15000","298780","19.94","20.00","19.82","20.00","-0.3300","5"
"1150624","020029","憭余SG擃⊥烤","16000","307400","19.40","19.40","18.87","18.96","-0.4400","6"
"1150624","020030","蝯曹箸折餃頠N","27000","511260","19.09","19.18","18.88","18.88","-0.5000","5"
"1150624","020031","蝯曹IC閮剛箇Λ","95000","1032080","10.77","10.96","10.70","10.96","-0.2300","22"
"1150624","020032","憭抒瞇","0","0","0.00","0.00","0.00","0.00","0.0000","0"
"1150624","020034","憭兌C閮剛N","14000","206950","14.82","14.84","14.71","14.71","-0.6700","7"
"1150624","020036","憭折烤","4000","39240","9.83","9.85","9.78","9.78","-0.1900","4"
"1150624","020037","憭折擃⊥烤","6000","65850","10.97","11.00","10.97","11.00","0.0000","2"
"1150624","020038","憭余SG烤","0","0","0.00","0.00","0.00","0.00","0.0000","0"
"1150624","020039","憭批甈N","23000","338550","14.70","14.75","14.69","14.72","-0.3800","6"
"1150624","1101","唳野","26165910","632765528","24.15","24.35","24.00","24.20","0.0500","7024"
"1150624","1101B","唳野銋","104109","4717063","45.25","45.40","45.25","45.40","0.1000","12"
"1150624","1102","鈭瘜","11946921","428069441","35.70","36.10","35.50","36.00","0.3000","3371"
"1150624","1103","瘜","279880","3792969","13.50","13.65","13.50","13.60","-0.0500","230"
"1150624","1104","唳野","2939353","79096505","27.10","27.30","26.60","26.85","0.0000","2394"
"1150624","1108","撟貊","352390","4840922","13.75","13.85","13.70","13.80","0.0000","145"
"1150624","1109","靽∪之","105195","1519044","14.40","14.55","14.35","14.50","0.1000","165"
"1150624","1110","望野","66166","1026886","15.35","15.60","15.35","15.50","-0.0500","57"
"1150624","1201","喳","533709","6617359","12.35","12.50","12.35","12.40","0.0500","330"
"1150624","1203","喟","1440","62403","43.45","43.45","43.45","43.45","0.0000","30"
"1150624","1210","憭扳","1691084","93037139","54.60","55.50","54.50","54.80","0.2000","1183"
"1150624","1213","憭折ㄡ","12001","96238","8.05","8.08","7.92","7.92","-0.1700","9"
"1150624","1215","","741442","85519181","116.00","116.00","114.50","115.00","-1.0000","1129"
"1150624","1216","蝯曹","19340861","1451955456","75.00","75.50","74.50","75.10","0.0000","5703"
"1150624","1217","銋","416437","4098278","9.85","9.89","9.80","9.83","-0.0200","363"
"1150624","1218","瘜啣控","859726","15362189","17.85","17.95","17.80","17.95","0.1000","439"
"1150624","1219","蝳憯","209629","2606017","12.45","12.50","12.35","12.35","-0.1000","188"
"1150624","1220","唳旨","104644","1213801","11.70","11.70","11.50","11.60","-0.1000","301"
"1150624","1225","蝳瘝","157622","4708440","29.85","30.25","29.80","30.00","0.0000","164"
"1150624","1227","雿單","916087","26622635","28.95","29.15","28.85","29.05","-0.1000","584"
"1150624","1229","航","4349448","183502092","41.70","42.65","41.55","42.25","0.5500","2546"
"1150624","1231","航舫","364108","32011477","88.10","88.50","87.20","88.00","0.0000","503"
"1150624","1232","憭抒絞","154711","21986669","141.50","143.00","141.00","142.50","0.5000","305"
"1150624","1233","憭拐","9173","257670","27.90","28.20","27.90","28.15","0.0500","18"
"1150624","1234","暺","302828","10641724","34.95","35.35","34.85","35.15","0.2000","248"
"1150624","1235","瘜","40000","1481568","37.50","38.00","36.80","37.70","0.2000","20"
"1150624","1236","摰鈭","20084","517852","25.80","25.85","25.70","25.80","-0.0500","23"
"1150624","1256","擙格暑瘙-KY","55364","9915413","180.00","180.00","178.00","179.50","-0.5000","113"
"1150624","1301","啣","79265972","4183526338","49.10","54.50","48.15","54.50","4.9500","32847"
"1150624","1303","鈭","72172088","11336042273","145.50","169.50","145.50","156.00","1.5000","34625"
"1150624","1304","啗","7614634","101655946","12.70","13.65","12.60","13.60","0.8000","2863"
"1150624","1305","臬","4035966","52813368","12.50","13.45","12.40","13.30","0.6500","1662"
"1150624","1307","銝","911033","32439853","34.80","35.95","34.80","35.85","0.8000","703"
"1150624","1308","鈭","2766299","38673151","13.45","14.25","13.40","14.25","0.6500","1390"
"1150624","1309","圈","3595930","53032039","14.30","15.00","14.10","15.00","0.6000","1591"
"1150624","1310","啗","8530055","84226741","9.50","10.10","9.50","9.93","0.2000","3124"
"1150624","1312","","10482062","146263409","13.70","14.20","13.65","14.00","0.2000","3071"
"1150624","1312A","祉","2000","44000","22.00","22.00","22.00","22.00","0.2000","2"
"1150624","1313","舀","4295390","50268820","11.40","11.85","11.30","11.80","0.3500","1464"
"1150624","1314","銝剔喳","16175499","127707576","7.76","7.99","7.72","7.99","0.1400","4882"
"1150624","1315","","7905","489303","61.30","62.30","61.30","62.30","-0.1000","49"
"1150624","1316","銝","1195542","12393766","10.20","10.45","10.20","10.35","0.0500","622"
"1150624","1319","梢","13388431","1055166210","80.00","80.00","77.50","79.50","0.1000","7601"
"1150624","1321","憭扳","160717","4961958","30.40","31.05","30.40","31.05","0.5000","122"
"1150624","1323","瘞貉","169373","3346662","19.65","19.90","19.60","19.90","0.0500","149"
"1150624","1324","啁","49548","511385","10.30","10.40","10.25","10.35","0.0000","113"
"1150624","1325","憭","211981","5439907","25.95","25.95","25.55","25.60","-0.1500","198"
"1150624","1326","啣","67367428","3821277590","52.50","57.70","51.30","57.70","0.0000","31039"
"1150624","1337","-KY","621472","3061719","4.96","5.00","4.90","4.92","-0.0400","300"
"1150624","1338","撱-KY","40924","684682","16.75","16.85","16.55","16.80","0.0500","68"
"1150624","1339","剛","154867","6853926","43.30","44.70","43.30","44.30","0.5000","188"
"1150624","1340","-KY","124131","682208","5.50","5.57","5.46","5.48","0.0100","135"
"1150624","1341","撖-KY","13155","766231","58.40","58.40","58.20","58.20","-0.8000","16"
"1150624","1342","怨疵","416544","48063339","115.00","117.00","114.00","115.00","-2.0000","505"
"1150624","1402","望","23793831","679050406","28.55","28.85","28.20","28.45","-0.2000","13959"
"1150624","1409","啁","46179939","1293648619","27.60","29.30","27.10","27.95","-0.6000","18956"
"1150624","1410","","36076","890081","25.10","25.10","24.50","24.60","-0.0500","25"
"1150624","1413","摰瘣","35858","337023","9.31","9.57","9.29","9.38","0.0300","35"
"1150624","1414","勗","191340","3302664","17.10","17.65","17.10","17.20","-0.2500","197"
"1150624","1416","撱鞊","175371","1902709","10.85","10.90","10.80","10.80","-0.1000","160"
"1150624","1417","鋆","160605","1352809","8.37","8.48","8.33","8.44","0.0700","120"
"1150624","1418","梯","24752","444669","17.80","18.55","17.80","18.20","0.2000","43"
"1150624","1419","啁插","167145","11009071","66.60","66.80","65.00","66.60","0.1000","242"
"1150624","1423","抵","19934","763174","37.80","38.70","37.80","38.20","-0.4000","38"
"1150624","1432","憭折陌","482023","7568538","15.85","15.90","15.65","15.75","-0.1000","754"
"1150624","1434","蝳","4279922","71369271","16.50","16.95","16.40","16.95","0.3500","1332"
"1150624","1435","銝剔","10963","205544","18.75","18.75","18.75","18.75","1.7000","28"
"1150624","1436","臬","305156","13788391","45.25","45.45","45.00","45.10","-0.2500","267"
"1150624","1437","斤","76210","2287408","30.00","30.10","29.90","30.05","0.0000","64"
"1150624","1438","銝圈","347602","7813004","21.45","23.40","21.30","22.80","1.5000","560"
"1150624","1439","","2100","50700","24.05","24.25","24.05","24.25","0.0000","4"
"1150624","1440","蝝","2087283","27686212","13.35","13.45","13.15","13.30","-0.1000","949"
"1150624","1441","憭扳","31918","292615","9.10","9.31","9.10","9.15","0.0800","104"
"1150624","1442","頠","153253","4160538","26.90","27.30","26.90","27.25","-0.1000","139"
"1150624","1443","蝡拇","10230","275271","27.10","27.10","26.80","27.10","-0.2500","49"
"1150624","1444","暻","1168265","8093886","6.99","7.01","6.87","6.92","0.0000","714"
"1150624","1445","憭批","163158","1784587","10.85","11.00","10.75","10.85","0.2000","53"
"1150624","1446","摰","259009","4307576","16.65","16.80","16.50","16.65","-0.0500","122"
"1150624","1447","曀","1289358","7810585","6.07","6.24","5.96","6.19","0.1200","462"
"1150624","1449","雿喳","1643997","24457134","15.10","15.15","14.65","14.95","-0.0500","1560"
"1150624","1451","撟渲","431095","7310240","16.85","17.10","16.75","17.05","0.2500","220"
"1150624","1452","摰","60952","665343","10.90","11.00","10.85","11.00","0.0500","53"
"1150624","1453","憭批","35655","412822","11.50","11.65","11.50","11.60","0.0500","73"
"1150624","1454","啣","65220","824280","12.75","12.85","12.40","12.80","-0.1000","184"
"1150624","1455","","653147","6184041","9.32","9.57","9.31","9.55","0.1500","458"
"1150624","1456","∟","108700","1634747","15.35","15.35","14.50","14.90","-0.1000","82"
"1150624","1457","摰","126542","1792453","14.05","14.25","14.05","14.20","0.0500","86"
"1150624","1459","舐","82325","964557","11.80","11.80","11.70","11.70","-0.1000","113"
"1150624","1460","摰","585041","4132636","7.08","7.13","7.00","7.08","0.0400","421"
"1150624","1463","撘瑞","55414","954240","17.15","17.45","17.10","17.45","0.1000","63"
"1150624","1464","敺","557589","5646319","10.05","10.25","10.05","10.15","0.0000","248"
"1150624","1465","","155958","1964201","12.45","12.75","12.40","12.75","0.3000","115"
"1150624","1466","","278087","3919293","14.35","14.35","14.00","14.05","-0.3500","146"
"1150624","1467","蝺","90635","642047","7.03","7.13","7.03","7.10","-0.0100","104"
"1150624","1468","嗅","38477","454511","11.85","11.90","11.75","11.85","-0.1000","34"
"1150624","1470","憭抒絞啣","2231","49598","22.20","22.20","22.20","22.20","-0.4500","25"
"1150624","1471","擐","1345292","14993645","10.80","11.50","10.80","11.05","0.1500","419"
"1150624","1472","銝瘣撖行平","38336","3412965","88.60","89.60","88.60","89.40","0.4000","42"
"1150624","1473","啣","161379","3208326","20.00","20.10","19.80","19.80","-0.0500","234"
"1150624","1474","撘鋆","75343","761301","10.15","10.15","10.05","10.15","0.0000","94"
"1150624","1475","璆剜","15000","406500","27.25","27.30","27.00","27.00","-0.3000","14"
"1150624","1476","暾","1734361","550582284","315.00","322.00","308.50","319.50","7.0000","2090"
"1150624","1477","","5634165","1223860846","215.00","219.00","214.00","217.00","2.0000","4024"
"1150624","1503","憯恍","10492173","2585725656","246.00","250.00","243.00","248.00","6.0000","11439"
"1150624","1504","勗","14452130","1037293044","72.20","72.70","70.60","71.90","-0.3000","9188"
"1150624","1506","甇","378045","3790248","10.10","10.15","10.00","10.05","-0.0500","154"
"1150624","1512","","113963","769584","6.99","6.99","6.71","6.80","0.0400","79"
"1150624","1513","銝剛","21240039","3885450568","183.00","185.00","179.00","185.00","3.0000","17900"
"1150624","1514","鈭","10112113","1288045354","129.00","129.50","125.50","128.00","1.0000","7946"
"1150624","1515","撅","1279394","34468010","26.80","27.50","26.40","27.00","0.2000","790"
"1150624","1516","撌憌","19214","387606","20.00","20.45","20.00","20.40","0.5500","46"
"1150624","1517","拙","135204","1400480","10.35","10.45","10.25","10.45","0.0000","180"
"1150624","1519","臬","2901285","2391197740","826.00","837.00","816.00","819.00","6.0000","7341"
"1150624","1521","憭批","30065","791929","26.00","26.85","26.00","26.40","0.0000","31"
"1150624","1522","斤雁镼","725961","21992243","30.40","30.75","30.00","30.50","0.0500","1038"
"1150624","1522A","斤雁镼輻脩","5797","289219","49.90","50.00","49.80","49.80","0.0000","8"
"1150624","1524","輸","459663","13471542","28.95","29.60","28.80","29.35","0.4000","443"
"1150624","1525","瘙","19700","1303033","66.00","66.60","65.80","65.80","0.0000","76"
"1150624","1526","仿有","67374","960163","14.20","14.40","14.15","14.40","0.0000","80"
"1150624","1527","賢","205728","6843547","33.05","33.50","33.00","33.50","0.4500","192"
"1150624","1528","拙噸","2331116","57358671","24.60","24.90","24.50","24.65","-0.2500","1639"
"1150624","1529","璅鈭蝬","935281","21449194","23.05","23.35","22.70","22.75","-0.2000","661"
"1150624","1530","鈭撏","80080","2338938","28.75","29.75","28.60","29.30","0.3500","132"
"1150624","1531","擃","94439","1212752","12.80","12.90","12.80","12.90","0.0000","86"
"1150624","1532","斤","399193","9189579","22.80","23.20","22.80","23.05","0.0000","260"
"1150624","1533","頠","144169","5283065","36.40","37.00","36.35","36.85","0.1500","142"
"1150624","1535","銝剖","47998","2398581","50.00","50.10","49.75","50.10","0.1000","51"
"1150624","1536","憭","1748894","85091260","48.70","49.20","48.35","48.65","-0.3500","1367"
"1150624","1537","撱","41456","5226028","125.50","126.50","125.50","126.00","0.5000","65"
"1150624","1538","甇撜","2175","25652","11.80","11.85","11.80","11.85","0.0500","7"
"1150624","1539","撌典滬","58801","925336","15.70","15.80","15.70","15.70","0.0500","50"
"1150624","1540","祉","175748","3832489","21.65","21.95","21.55","21.80","-0.0500","110"
"1150624","1541","拇陸","20186","441295","22.30","22.30","21.65","22.10","0.2500","26"
"1150624","1558","隡貉","52935","4807019","90.90","91.20","90.50","90.70","-0.5000","74"
"1150624","1560","銝剔","3155320","2358441507","719.00","770.00","719.00","749.00","44.0000","5558"
"1150624","1563","撌扳","4521637","300092924","69.00","69.00","64.70","64.80","-4.9000","5072"
"1150624","1568","雿","1491750","63018525","43.90","44.15","40.80","41.40","-3.4500","1233"
"1150624","1582","靽⊿","1561571","140884294","90.00","91.40","89.50","90.30","-0.2000","1539"
"1150624","1583","蝔瘜","46665","2376242","50.70","51.40","50.00","50.90","0.2000","46"
"1150624","1587","","243495","6645421","27.05","27.45","27.05","27.40","-0.2000","263"
"1150624","1590","鈭敺瑕恥-KY","1144206","1574269895","1375.00","1405.00","1355.00","1385.00","10.0000","1362"
"1150624","1597","游","1241957","186097637","151.00","152.50","147.00","150.50","-3.5000","1559"
"1150624","1598","撗勗","219499","4286706","19.70","19.70","19.45","19.45","-0.2500","170"
"1150624","1603","舫","154132","4813019","31.15","31.35","31.05","31.30","0.1500","130"
"1150624","1604","脣窄","461105","10706760","23.15","23.30","23.05","23.25","0.1500","330"
"1150624","1605","舀","27657979","1041052343","37.15","38.40","36.60","38.15","0.3500","13800"
"1150624","1608","舀旨","1800650","62066234","34.30","34.85","34.10","34.50","0.0500","1130"
"1150624","1609","憭找","3585172","133427557","37.10","37.65","36.70","37.40","0.2500","2536"
"1150624","1611","銝剝","588556","7775066","13.20","13.35","13.10","13.25","0.0500","362"
"1150624","1612","摰瘜","781417","29297856","37.40","37.75","37.15","37.60","0.0000","603"
"1150624","1614","銝瘣","21077","669465","31.75","31.85","31.70","31.85","0.1000","20"
"1150624","1615","憭批控","115753","5187362","44.75","45.05","44.55","44.85","-0.1500","140"
"1150624","1616","瘜","327185","7196719","21.75","22.15","21.65","22.15","0.3000","275"
"1150624","1617","璁格","96825","1533910","15.95","15.95","15.75","15.90","0.1000","120"
"1150624","1618","璈","538363","22565224","42.00","42.20","41.55","42.05","0.2000","442"
"1150624","1623","憭扳梢","76522","16384724","214.00","218.00","212.00","218.00","4.0000","263"
"1150624","1626","曄-KY","82365","811299","9.78","9.91","9.75","9.86","0.0900","185"
"1150624","1702","","339180","10687146","31.50","31.70","31.40","31.55","0.0500","287"
"1150624","1707","∟","639635","62098906","97.00","98.30","96.50","96.80","-0.5000","1159"
"1150624","1708","梢匱","11726065","597860874","48.80","52.50","48.80","52.20","2.8500","8330"
"1150624","1709","","669586","14159652","20.85","21.45","20.85","21.30","0.1500","470"
"1150624","1710","梯","3404754","46437746","13.50","13.85","13.35","13.80","0.3000","2830"
"1150624","1711","瘞詨","10119969","485095304","46.10","49.50","45.85","47.70","0.7000","6428"
"1150624","1712","颲","494613","19323489","38.90","39.25","38.85","39.15","0.2000","430"
"1150624","1713","","225127","11302942","49.60","50.50","49.60","50.50","0.4000","165"
"1150624","1714","獢","13450753","252847953","18.20","19.20","18.20","19.05","1.2000","4658"
"1150624","1717","瑁","12579147","922899183","71.20","75.20","70.70","73.90","2.2000","8967"
"1150624","1718","銝剔","16068258","147967205","9.04","9.41","8.96","9.23","-0.0200","5272"
"1150624","1720","","222620","14060985","62.30","63.50","62.30","63.10","0.3000","253"
"1150624","1721","銝","1440516","35668817","23.80","25.70","23.80","25.25","0.7500","1066"
"1150624","1722","啗","1583271","75375221","47.40","47.90","47.25","47.70","0.1000","1121"
"1150624","1723","銝剔４","480656","41489251","85.40","87.50","85.40","86.60","-0.7000","552"
"1150624","1725","蝳","562399","20314729","36.85","36.90","35.60","36.00","-1.0500","495"
"1150624","1726","瘞貉","28426","2240616","79.00","79.20","78.60","78.90","-0.3000","37"
"1150624","1727","銝剛臬","5082433","480530331","92.80","97.00","92.80","95.00","-1.5000","4227"
"1150624","1730","曹摮","74899","4013725","53.50","53.80","53.50","53.60","0.1000","66"
"1150624","1731","蝢曇","159688","3468234","21.70","21.80","21.70","21.70","-0.0500","94"
"1150624","1732","瘥撖","129031","3383115","26.30","26.45","26.05","26.20","-0.1000","81"
"1150624","1733","鈭曌","104590","3063931","29.15","29.45","29.15","29.45","0.3500","74"
"1150624","1734","頛","676831","21751882","31.90","32.30","31.75","32.30","0.4500","745"
"1150624","1735","亙","232968","5289520","22.40","23.20","22.40","22.70","0.1500","199"
"1150624","1736","砍控","670124","76450121","114.00","117.50","110.50","117.50","3.5000","424"
"1150624","1737","粹厭","101106","3217931","31.65","31.95","31.65","31.95","0.1500","190"
"1150624","1752","","42876","1403539","32.70","32.80","32.70","32.75","0.0500","45"
"1150624","1760","撖園翩撖","209658","12828915","60.60","61.60","60.60","61.40","0.5000","217"
"1150624","1762","銝剖","574451","21658539","37.60","38.45","37.10","38.30","0.8000","564"
"1150624","1773","銝","329711","56913959","172.50","174.50","171.00","173.50","-0.5000","569"
"1150624","1776","撅摰","199687","3790214","19.20","19.30","18.50","18.80","-0.4000","181"
"1150624","1783","摨瑞","59580","2301422","38.70","38.75","38.45","38.70","0.1000","83"
"1150624","1786","蝘憒","285496","15282153","52.90","54.30","52.50","53.30","0.4000","260"
"1150624","1789","蟡","844048","17089555","20.10","20.50","20.10","20.20","-0.0500","468"
"1150624","1795","蝢","1308810","251663487","189.50","194.50","189.00","193.50","3.0000","2073"
"1150624","1802","啁","53063736","3663818505","68.70","70.40","67.80","69.30","-0.6000","34740"
"1150624","1805","撖嗅","81672","843571","10.25","10.40","10.25","10.40","0.0500","82"
"1150624","1806","頠","248444","2036389","8.19","8.24","8.17","8.23","0.0500","233"
"1150624","1808","瞏日","1720193","53085602","30.10","31.30","29.60","31.25","1.2500","999"
"1150624","1809","銝剝","9866343","542669821","53.50","56.90","53.00","54.30","0.4000","6404"
"1150624","1810","","1293840","25984584","19.90","20.30","19.80","20.10","0.0500","766"
"1150624","1817","望銵","34785","1406822","40.50","40.50","40.35","40.35","-0.1000","42"
"1150624","1903","憯怎","387811","18334005","47.35","47.95","47.00","47.20","-0.1500","917"
"1150624","1904","甇","2041823","45064051","21.70","22.50","21.40","22.15","0.4500","1757"
"1150624","1905","舐","19431212","331829212","16.45","17.75","16.15","17.35","0.6000","8192"
"1150624","1906","撖園","33975","381581","11.30","11.30","11.15","11.25","0.0500","99"
"1150624","1907","瘞貉擗","1746661","47703954","26.65","27.55","26.65","27.50","0.5000","905"
"1150624","1909","璁格","2444841","23519898","9.52","9.72","9.49","9.72","0.0800","875"
"1150624","2002","銝剝","44605457","859487119","19.15","19.45","19.00","19.35","0.1500","14003"
"1150624","2002A","銝剝潛","26368","1007503","38.20","38.30","38.20","38.30","0.0500","22"
"1150624","2006","勗潮","9941447","697020817","69.70","71.00","69.50","69.80","0.1000","5872"
"1150624","2007","","288737","2112589","7.31","7.40","7.26","7.28","-0.1000","173"
"1150624","2008","擃","12201","375429","30.50","31.00","30.50","31.00","0.1000","15"
"1150624","2009","蝚砌","1152313","44906999","38.90","39.35","38.60","39.35","0.3500","836"
"1150624","2010","交","1944489","47056096","24.30","24.35","24.10","24.20","-0.1500","839"
"1150624","2012","仿","47925","711527","14.85","14.90","14.80","14.90","-0.1000","94"
"1150624","2013","銝剝潭","169366","7373418","43.00","43.70","43.00","43.70","0.6500","225"
"1150624","2014","銝剝暑","3165563","55872067","17.65","17.90","17.45","17.80","0.1000","1220"
"1150624","2015","鞊","419358","25562280","61.10","61.40","60.80","60.80","-0.2000","362"
"1150624","2017","摰圈","326108","3012176","9.30","9.30","9.20","9.22","-0.0400","250"
"1150624","2020","蝢鈭","359317","7829713","21.90","21.95","21.70","21.80","-0.0500","225"
"1150624","2022","鈭","544117","4194921","7.72","7.76","7.63","7.73","0.0100","670"
"1150624","2023","頛","1180027","16122997","13.65","13.80","13.60","13.65","0.0000","498"
"1150624","2024","敹","8851","124811","14.15","14.15","14.05","14.05","-0.0500","27"
"1150624","2025","","389454","5409505","13.80","14.15","13.70","13.75","-0.0500","187"
"1150624","2027","憭扳","8623384","347113532","39.90","40.60","39.60","40.55","0.5500","4288"
"1150624","2028","憡","159216","2642202","17.00","17.00","16.05","16.75","0.0500","119"
"1150624","2029","擗","147239","3052431","20.75","20.80","20.60","20.75","-0.1000","111"
"1150624","2030","敶唳","2295159","44573827","19.85","19.85","19.20","19.30","-0.8500","3799"
"1150624","2031","啣","838918","32614189","38.80","39.05","38.65","39.00","-0.1000","488"
"1150624","2032","圈","387541","6711415","17.55","17.55","17.20","17.50","-0.0500","243"
"1150624","2033","雿喳之","111300","1836134","16.45","16.75","16.35","16.65","-0.1000","82"
"1150624","2034","撘","1097690","22314929","20.40","20.45","20.25","20.40","-0.1500","556"
"1150624","2038","瘚瑕","350014","4764427","13.75","13.75","13.50","13.60","-0.1500","239"
"1150624","2049","銝","1763637","584552492","334.00","336.00","327.00","332.00","-7.0000","3616"
"1150624","2059","撌皝","522094","3882764160","7620.00","7620.00","7275.00","7505.00","30.0000","3198"
"1150624","2062","璈璊","165305","3147784","19.05","19.15","18.95","19.00","-0.1000","117"
"1150624","2069","","269827","5070743","18.80","18.95","18.70","18.80","-0.1500","125"
"1150624","2072","銝蝝憸券","255313","44280280","174.50","175.00","172.00","174.50","3.5000","312"
"1150624","2101","皜","1128808","35344881","31.20","31.50","31.00","31.40","0.0500","916"
"1150624","2102","瘜啗","128112","2318326","18.10","18.25","17.95","18.25","0.1500","158"
"1150624","2103","唳屆","6880029","147338344","20.85","22.10","20.35","21.95","0.0000","2742"
"1150624","2104","銝剜屆","3321952","33481601","9.99","10.20","9.92","10.20","0.2000","933"
"1150624","2105","甇","9980126","291809526","29.25","29.40","29.05","29.25","-0.0500","4628"
"1150624","2106","撱箏之","377588","6362154","16.70","17.00","16.70","16.90","0.0000","380"
"1150624","2107","","552681","14222643","25.60","25.95","25.40","25.85","0.3500","1230"
"1150624","2108","撣","981476","27837760","28.05","28.65","28.05","28.55","0.2500","547"
"1150624","2109","航","138411","2001424","14.45","14.60","14.40","14.60","0.1000","82"
"1150624","2114","急偶","55524","4952044","89.10","89.60","88.90","89.30","0.0000","94"
"1150624","2115","剜-KY","58861","1204077","20.40","20.70","20.40","20.45","0.0500","43"
"1150624","2201","鋆","2171967","59148723","27.00","27.50","26.80","27.40","0.4000","1337"
"1150624","2204","銝剛","1452714","81058139","54.80","56.20","54.80","55.90","1.0000","938"
"1150624","2206","銝賢極璆","997272","60886422","60.50","61.50","60.20","61.50","0.9000","567"
"1150624","2207","瘜啗","409190","196450592","485.00","486.50","477.00","477.50","-7.5000","867"
"1150624","2208","啗","2645588","46561656","17.55","17.95","17.35","17.70","0.1500","1240"
"1150624","2211","瑟旨","356735","33798107","94.10","95.40","94.00","94.90","0.6000","350"
"1150624","2227","鋆亥","13640","674117","49.75","49.75","49.10","49.70","-0.0500","29"
"1150624","2228","暻","64633","5655184","86.30","88.30","86.30","87.70","0.7000","112"
"1150624","2231","箏","336231","31540329","91.50","95.70","91.50","92.90","0.0000","320"
"1150624","2233","摰","1422227","364437090","256.00","261.50","256.00","256.00","-28.0000","2221"
"1150624","2236","暸-KY","124553","16761604","134.00","135.50","133.00","135.50","0.5000","96"
"1150624","2239","勗-KY","43000","961500","22.15","22.70","22.15","22.15","-0.1500","39"
"1150624","2241","曉","2343526","111253030","46.90","48.50","46.65","47.60","-0.0500","1727"
"1150624","2243","摰-KY","716951","35731657","46.40","51.20","46.40","51.00","4.4500","481"
"1150624","2247","瘙敺瑟偶璆","34343","8070614","234.50","236.00","234.00","234.50","-0.5000","232"
"1150624","2248","臬-KY","52634","2887743","55.10","55.40","54.50","54.60","-0.7000","32"
"1150624","2250","IKKA-KY","26036","1575001","60.50","61.10","60.30","60.70","-0.2000","93"
"1150624","2254","撌券抒移撖-","1010","59920","59.30","59.30","59.30","59.30","0.3000","3"
"1150624","2258","暾餉臬-","946286","32546816","33.70","35.00","33.60","34.70","0.7000","747"
"1150624","2301","撖嗥","34410323","7478421135","225.50","225.50","213.00","216.50","-7.0000","29125"
"1150624","2302","暻甇","11081056","547273966","45.00","50.20","45.00","50.20","4.5500","4915"
"1150624","2303","舫","566145556","99457017110","172.00","185.50","165.50","178.00","8.0000","300564"
"1150624","2305","典","3211471","122017371","36.10","39.15","36.00","38.90","1.8000","2235"
"1150624","2308","圈","23800070","47522219030","2030.00","2050.00","1970.00","2000.00","-80.0000","179758"
"1150624","2312","撖","152064892","5696112571","35.00","38.00","34.95","38.00","3.4500","47426"
"1150624","2313","舫","34526381","8387538300","239.00","249.00","239.00","240.00","-3.0000","40743"
"1150624","2314","唳","177770","2539457","14.20","14.35","14.20","14.30","0.2500","193"
"1150624","2316","璆璇","10864590","2371803688","221.00","227.00","210.00","220.50","3.0000","10303"
"1150624","2317","暾餅絲","62055545","15953563665","255.00","261.00","255.00","256.00","-3.5000","67701"
"1150624","2321","梯","2000","27798","13.90","13.90","13.90","13.90","0.0000","6"
"1150624","2323","銝剔","9863501","113955224","11.20","11.80","11.15","11.70","0.3500","2625"
"1150624","2324","隞撖","88993364","3343887549","36.25","38.40","36.20","37.90","1.3500","37106"
"1150624","2327","撌*","49108726","50659977740","1005.00","1075.00","985.00","1050.00","30.0000","71295"
"1150624","2328","撱摰","4245003","217683528","50.80","52.40","50.60","51.20","-0.5000","2996"
"1150624","2329","舀陸","5595743","309383498","54.70","56.50","54.00","56.10","0.4000","3929"
"1150624","2330","啁","65829477","158973915280","2435.00","2445.00","2390.00","2390.00","-100.0000","527584"
"1150624","2331","蝎曇","5451984","121136332","21.85","22.75","21.60","21.75","-0.5500","2428"
"1150624","2332","閮","10381947","191593814","18.10","18.80","18.00","18.45","0.1000","4412"
"1150624","2337","箏","114082132","19375346899","169.00","174.00","166.00","172.00","0.0000","82583"
"1150624","2338","蝵","3488385","178851576","52.00","52.20","50.40","51.60","-1.3000","3126"
"1150624","2340","唬","16333916","699262995","42.70","44.55","41.55","42.00","-1.5500","11136"
"1150624","2342","","6167055","331208866","54.40","54.80","52.70","54.80","-2.2000","4610"
"1150624","2344","舫阡","249686352","51759138408","208.50","217.00","201.00","205.00","-6.5000","161061"
"1150624","2345","粹","3026201","7210354195","2410.00","2445.00","2340.00","2375.00","-60.0000","10918"
"1150624","2347","臬撥","4913664","450897099","90.20","92.70","89.80","92.30","2.1000","2737"
"1150624","2348","瘚瑟","408445","29154620","71.30","72.30","71.00","71.10","-0.2000","485"
"1150624","2348A","瘚瑟脩","40252","1508987","37.45","37.50","37.45","37.45","0.0000","13"
"1150624","2349","詨噸","3153429","43065028","13.50","13.95","13.50","13.60","0.0000","1173"
"1150624","2351","敺","11732545","2493132435","198.50","217.50","197.00","217.50","19.5000","8111"
"1150624","2352","雿喃","7637017","234198232","30.75","31.35","30.25","30.60","-0.5000","5699"
"1150624","2353","摰蝣","33899962","1151380839","33.30","34.50","33.05","34.20","0.8000","16045"
"1150624","2354","暾餅","9027485","523484522","56.60","59.00","56.40","58.00","1.4000","5520"
"1150624","2355","祇筋","6213714","349559886","55.30","57.40","55.10","55.90","-0.2000","4710"
"1150624","2356","望平","25540512","1690390488","65.60","67.40","64.30","66.40","0.3000","16533"
"1150624","2357","舐◣","5156891","3977812433","775.00","783.00","764.00","771.00","-14.0000","12519"
"1150624","2359","蝢","2615379","359480346","138.00","140.00","135.50","137.00","-3.5000","2551"
"1150624","2360","渲","2872773","6243290885","2270.00","2270.00","2130.00","2160.00","-105.0000","8778"
"1150624","2362","憭","1715805","79171941","46.30","46.50","45.55","46.10","0.0500","1182"
"1150624","2363","賜絞","34979384","2410291165","65.50","72.00","65.20","69.20","3.3000","38671"
"1150624","2364","恍","118830","7954329","66.50","67.60","66.50","67.30","0.1000","211"
"1150624","2365","","1129066","37715380","33.10","33.70","33.00","33.60","0.1000","847"
"1150624","2367","輯","14871752","870907301","57.60","60.00","57.50","58.40","0.3000","10373"
"1150624","2368","","7064225","8689031260","1230.00","1265.00","1200.00","1255.00","-10.0000","24374"
"1150624","2369","梁","80920880","3523128730","43.65","45.60","41.90","43.30","-1.2500","41527"
"1150624","2371","憭批","10657053","294626563","27.70","28.00","27.50","27.55","-0.1500","5816"
"1150624","2373","西","18163","1054983","58.20","58.30","58.00","58.30","0.1000","191"
"1150624","2374","雿唾","5247577","396423463","76.60","76.60","74.70","75.50","-1.2000","4101"
"1150624","2375","梁","17510118","3582819026","199.00","214.50","195.50","211.50","11.0000","16025"
"1150624","2376","","7343440","2447686590","330.00","339.00","325.00","339.00","8.5000","8424"
"1150624","2377","敺格","9173131","1222862134","132.00","136.00","131.00","133.50","0.0000","7378"
"1150624","2379","","6901083","5663064803","821.00","851.00","801.00","803.00","-60.0000","19974"
"1150624","2382","撱","11120601","4088122708","367.00","372.00","364.50","372.00","-0.5000","14279"
"1150624","2383","啣","1757641","9596314445","5440.00","5575.00","5345.00","5560.00","-140.0000","13883"
"1150624","2385","蝢文","4855310","526999186","110.00","111.00","108.00","108.50","-1.5000","4609"
"1150624","2387","蝎曉","486546","18906848","38.55","39.25","38.35","38.80","0.1000","361"
"1150624","2388","憡","11523445","908041037","78.80","81.50","76.90","78.60","-1.0000","8933"
"1150624","2390","鈭颲","1072870","13146355","12.00","12.45","11.90","12.25","0.2000","677"
"1150624","2392","甇撏","1136684","44500919","39.00","39.70","38.80","39.25","0.0000","985"
"1150624","2393","","1357872","94181592","69.50","70.00","68.40","69.70","0.2000","1228"
"1150624","2395","","2781664","1311850684","477.50","483.50","466.00","473.50","-14.0000","4503"
"1150624","2397","","366923","21858873","59.10","60.20","59.00","59.60","0.1000","276"
"1150624","2399","瘜","20792232","1108149438","51.60","55.20","51.10","54.30","3.4000","13239"
"1150624","2401","","21959023","745435431","32.35","35.10","32.15","34.80","2.0000","12052"
"1150624","2402","瘥","3443227","233736385","67.40","68.90","67.20","67.60","-0.7000","2832"
"1150624","2404","瞍Ｗ","1838096","2286116385","1245.00","1265.00","1220.00","1255.00","-5.0000","6080"
"1150624","2405","頛靽","2822788","52185639","18.25","18.70","18.25","18.60","0.1000","1390"
"1150624","2406","蝣","8910818","304800981","33.50","35.00","33.25","34.30","0.5000","4863"
"1150624","2408","鈭蝘","124264124","55311194856","440.00","457.00","435.00","443.50","-11.0000","109360"
"1150624","2409","","894026718","27272349411","28.40","31.95","28.25","30.50","1.4500","239401"
"1150624","2412","銝剛舫","12587116","1812105271","143.50","145.00","143.00","143.50","-0.5000","7154"
"1150624","2413","啁","2333893","121183081","51.00","53.20","50.90","51.70","-0.2000","1764"
"1150624","2414","蝎暹","417777","25416979","60.30","61.80","60.10","60.50","-0.7000","407"
"1150624","2415","拇","644029","19721982","29.90","31.20","29.75","31.10","0.9000","639"
"1150624","2417","","877302","39568390","45.30","46.00","44.50","44.85","-0.9500","760"
"1150624","2419","隞脩","1271306","36336416","28.20","29.00","28.20","28.60","0.1000","630"
"1150624","2420","啣楊","709176","43639322","61.00","62.60","61.00","61.40","-0.6000","729"
"1150624","2421","撱箸","2638268","389925637","145.00","150.00","144.00","150.00","3.5000","2442"
"1150624","2423","箇楝","136468","10535592","77.50","78.30","75.60","78.20","0.0000","215"
"1150624","2424","渲","82574","869424","10.75","10.90","10.10","10.45","-0.1500","48"
"1150624","2425","踹","1480798","57914098","39.05","40.25","38.35","38.50","-0.8500","1067"
"1150624","2426","曌","28728005","2693106393","92.00","98.00","91.00","93.30","-1.4000","20637"
"1150624","2427","銝","838587","18826467","22.10","22.65","22.05","22.40","0.3500","561"
"1150624","2428","","1441043","431839295","295.50","304.50","295.00","304.00","2.5000","2294"
"1150624","2429","箇","526703","21128060","39.85","41.30","39.05","40.50","0.9500","448"
"1150624","2430","血","60538","1106965","18.15","18.40","18.15","18.35","0.0000","81"
"1150624","2431","舀","275995","3133463","11.25","11.55","11.05","11.55","0.2000","165"
"1150624","2432","憭拚瑞-","546268","17145609","29.45","31.95","29.00","31.95","2.9000","1023"
"1150624","2433","鈭","85255","3796251","44.05","44.90","44.05","44.90","0.6500","86"
"1150624","2434","蝯望","1654360","74529041","46.95","46.95","43.05","44.55","-2.4000","1694"
"1150624","2436","閰桅","4484797","342254098","77.00","77.90","75.40","76.20","-1.3000","4497"
"1150624","2438","蝧","235909","5327132","22.10","23.40","22.10","22.25","-0.2000","180"
"1150624","2439","蝢敺","1007811","91797920","90.10","92.10","89.90","91.80","0.7000","1147"
"1150624","2440","憭芰征璇","938962","16082369","17.25","17.50","16.70","17.25","0.0500","565"
"1150624","2441","頞鞊","13061869","1827463626","135.00","143.00","134.50","142.50","6.5000","10553"
"1150624","2442","啁朣","1091893","21053284","19.40","19.40","19.15","19.30","-0.0500","568"
"1150624","2444","","366338","4786569","13.00","13.35","12.90","13.10","0.1000","213"
"1150624","2449","鈭砍餃","42030486","13780576815","329.50","336.50","318.00","333.50","4.0000","65092"
"1150624","2450","蟡","133882","3890001","29.00","29.20","28.85","29.05","0.0000","185"
"1150624","2451","菔","5640723","1667030252","294.50","301.50","291.00","294.00","-6.5000","6985"
"1150624","2453","蝢","315417","17928754","56.20","57.20","56.10","57.20","0.8000","253"
"1150624","2454","舐潛","16383271","70824423930","4480.00","4515.00","4225.00","4285.00","-250.0000","144338"
"1150624","2455","冽","1802349","681989578","385.00","397.00","368.00","397.00","-1.0000","3744"
"1150624","2457","憌摰","4747837","142479415","29.90","30.70","29.55","29.90","-0.4500","2933"
"1150624","2458","蝢拚","3317105","544646660","163.50","167.00","162.00","164.00","-2.0000","3480"
"1150624","2459","血","70942","4531229","63.50","64.20","63.40","64.00","-0.1000","91"
"1150624","2460","撱粹","7757539","306798654","36.40","40.45","35.70","40.45","3.6500","5999"
"1150624","2461","蝢日","750142","13173689","17.20","17.75","17.15","17.60","0.1500","443"
"1150624","2462","臬","834324","20811896","25.00","25.45","24.65","24.95","-0.5000","1004"
"1150624","2464","蝡","7179715","1228249558","169.00","175.00","166.50","174.50","2.5000","8357"
"1150624","2465","暻","1255623","98305895","76.20","81.00","75.80","78.50","1.5000","1076"
"1150624","2466","镼輸","1053673","61512198","57.10","59.50","55.30","59.00","2.7000","964"
"1150624","2467","敹","956831","560561067","576.00","594.00","573.00","588.00","8.0000","2107"
"1150624","2468","舐","635940","23497614","36.30","37.80","36.25","36.95","0.3500","504"
"1150624","2471","鞈","101995","5417478","52.60","53.40","52.60","53.20","0.1000","126"
"1150624","2472","蝡","8798499","3171205624","361.50","371.50","350.00","361.00","-2.0000","9854"
"1150624","2474","舀","5556411","1168063882","209.00","213.00","207.50","210.50","0.0000","6092"
"1150624","2476","蟡","4318803","549882923","126.50","130.00","124.00","127.50","-1.0000","6364"
"1150624","2477","蝢","147618","3198997","21.65","21.90","21.55","21.70","-0.1000","114"
"1150624","2478","憭扳","2802756","657678190","224.00","240.00","223.50","240.00","16.5000","2068"
"1150624","2480","阡賜","210755","31530021","148.50","150.50","148.00","150.50","-0.5000","310"
"1150624","2481","撘瑁","71737579","13848885103","186.50","201.00","186.00","195.00","1.5000","53631"
"1150624","2482","摰","421378","7478530","17.60","18.20","17.50","17.70","0.1000","527"
"1150624","2483","曉捆","11990254","537671115","41.50","46.10","41.30","46.10","4.1500","7200"
"1150624","2484","撣","27494715","1826362603","63.00","69.30","63.00","69.30","6.3000","18488"
"1150624","2485","韏","12596991","743965983","56.80","61.10","56.30","58.80","1.4000","9151"
"1150624","2486","銝閰","8013695","2045952134","263.00","267.00","248.50","255.00","-10.0000","8362"
"1150624","2488","瞍Ｗ像","94996","5168765","54.20","54.60","54.20","54.40","-0.1000","276"
"1150624","2489","頠","20137779","953801409","46.20","48.75","46.15","47.10","-0.2500","11897"
"1150624","2491","蟡亙","1278669","50840610","40.00","41.40","38.70","39.45","-2.2000","1002"
"1150624","2492","舀啁","3618797","2081874482","554.00","597.00","553.00","590.00","13.0000","4789"
"1150624","2493","","1325386","343697504","265.00","265.00","253.00","265.00","0.0000","1759"
"1150624","2495","桀","15228681","807322632","52.20","53.80","51.70","53.20","0.7000","8979"
"1150624","2496","頞","23676","1528912","63.70","65.30","63.60","64.50","-0.8000","33"
"1150624","2497","∪拚","481964","28140088","57.50","59.10","57.30","58.50","0.3000","547"
"1150624","2498","摰","10887573","510253630","46.95","48.00","46.10","46.65","-0.2500","6453"
"1150624","2501","撱","4425602","107229909","23.95","24.60","23.80","24.30","0.1000","2297"
"1150624","2504","","5290863","172759508","32.50","33.00","32.30","33.00","0.2500","3512"
"1150624","2505","","266626","4913006","18.25","18.55","18.25","18.50","0.0500","187"
"1150624","2506","憭芾身","95187","840528","8.74","8.90","8.74","8.87","0.0000","118"
"1150624","2509","典文遣","266571","3550883","13.50","13.50","13.20","13.25","-0.2000","228"
"1150624","2511","憭芸","1363784","11061631","8.07","8.19","8.07","8.14","0.0600","448"
"1150624","2514","樴","272534","3661896","13.60","13.60","13.25","13.35","-0.2500","267"
"1150624","2515","銝剖極","4934386","65415452","13.25","13.40","13.15","13.20","-0.1000","1351"
"1150624","2516","啣遣","495079","6954597","14.00","14.25","13.80","14.00","0.0500","209"
"1150624","2520","敺","1335316","45335840","34.15","34.40","33.65","33.95","-0.4500","945"
"1150624","2524","鈭砍","134552","5042121","37.60","38.20","36.75","37.05","-0.5500","132"
"1150624","2527","摰","952209","37613297","39.25","39.95","39.10","39.70","0.0000","536"
"1150624","2528","","375838","8031141","21.30","21.65","21.20","21.40","0.1000","280"
"1150624","2530","臬遣","426036","8149537","19.05","19.25","18.85","19.00","-0.0500","307"
"1150624","2534","摰","890753","14867551","16.60","16.85","16.60","16.80","0.0000","835"
"1150624","2535","甈撌","356009","33308247","94.50","94.60","92.80","94.50","-0.4000","914"
"1150624","2536","摰","533945","11402238","21.25","21.55","21.10","21.30","0.0500","299"
"1150624","2537","臭","1724441","19085840","10.65","11.25","10.65","11.10","0.3000","774"
"1150624","2538","箸陸","115257","1148388","9.90","10.00","9.86","9.99","0.0900","78"
"1150624","2539","瑹餉勗遣","950165","37108436","38.65","39.45","38.20","39.10","0.4500","677"
"1150624","2540","撅望","461731","24731292","53.20","54.00","52.80","53.40","0.6000","435"
"1150624","2542","撖","9836406","422950659","42.55","43.35","42.30","43.10","0.4000","4457"
"1150624","2543","","5820476","227504391","38.75","40.05","38.70","38.90","-2.9500","3652"
"1150624","2545","蝧","214548","8132816","37.90","38.10","37.20","38.00","0.4000","246"
"1150624","2546","孵","153147","14144267","92.00","93.10","92.00","92.60","-0.4000","233"
"1150624","2547","亙","1889047","20555334","10.90","10.95","10.80","10.85","-0.1000","675"
"1150624","2548","臬","1091909","110805278","100.50","102.00","100.50","101.50","0.0000","1203"
"1150624","2597","瞏文","405603","69363888","173.00","173.00","170.00","171.00","-4.5000","1216"
"1150624","2601","","1255085","6954083","5.55","5.61","5.46","5.54","-0.0300","484"
"1150624","2603","瑟旨","24847075","4630385421","189.00","189.00","185.50","186.50","-2.5000","22221"
"1150624","2605","啗","4864677","153939328","31.80","32.15","31.30","31.50","-0.3000","2837"
"1150624","2606","鋆瘞","3523694","215862496","61.40","61.80","60.90","61.40","-0.3000","2446"
"1150624","2607","璁桅","637819","31246111","49.10","49.30","48.85","48.95","-0.2500","679"
"1150624","2608","憭扳旨","197055","5727326","29.15","29.15","29.00","29.00","-0.1500","189"
"1150624","2609","賣","15479059","800117502","51.40","52.10","51.20","51.60","0.3000","7504"
"1150624","2610","航","146260216","3375549758","22.60","23.60","22.25","23.25","0.9500","36019"
"1150624","2611","敹靽","281493","3869305","13.65","13.90","13.65","13.75","0.1000","183"
"1150624","2612","銝剛","242117","12983328","54.30","54.30","53.20","53.80","0.1000","273"
"1150624","2613","銝剜","190560","4168223","21.85","22.05","21.75","21.85","0.1000","173"
"1150624","2614","望ㄝ","455598","8363219","18.30","18.55","18.20","18.40","-0.0500","3633"
"1150624","2615","祆絲","5173380","407774229","78.70","79.50","78.30","78.80","0.1000","3615"
"1150624","2616","撅梢","300839","4047725","13.40","13.55","13.30","13.45","-0.0500","390"
"1150624","2617","啗","506098","15142501","30.05","30.10","29.75","29.85","-0.1000","291"
"1150624","2618","瑟旨","89685104","3945924489","42.95","44.80","42.55","44.00","1.0500","32788"
"1150624","2630","鈭","781738","33166351","42.05","43.25","41.45","42.45","0.3000","649"
"1150624","2633","啁擃","18106714","468714648","25.70","26.05","25.65","25.95","0.2000","9571"
"1150624","2634","瞍Ｙ","4624461","228560657","49.20","50.30","48.60","49.30","-0.4000","3181"
"1150624","2636","圈扯","360679","25131328","70.00","70.20","69.40","69.50","-0.5000","455"
"1150624","2637","扳-KY","2701575","204732200","76.70","76.80","75.10","75.70","-1.1000","2019"
"1150624","2642","摰","104381","2199897","21.00","21.25","20.90","20.90","-0.1000","156"
"1150624","2645","瑟旨芸云","987903","170688942","173.00","175.50","171.00","172.50","-1.0000","1270"
"1150624","2646","摰芰征","12524249","271823653","21.50","22.00","21.30","21.70","0.3000","6254"
"1150624","2701","砌","59808","635954","10.55","10.85","10.55","10.65","0.1000","39"
"1150624","2702","臬","36720","473980","12.95","13.00","12.80","12.95","0.1000","44"
"1150624","2704","鞈","132459","5987950","45.05","45.65","45.05","45.25","0.1000","273"
"1150624","2705","剔","62960","1015155","16.10","16.20","16.05","16.15","0.0000","172"
"1150624","2706","蝚砌摨","152870","1917121","12.50","12.60","12.40","12.55","0.1000","114"
"1150624","2707","嗉","192427","34507320","178.00","180.00","178.00","180.00","1.0000","215"
"1150624","2712","靘","5771","87190","15.15","15.15","15.05","15.05","-0.1000","10"
"1150624","2722","憭","77726","1761628","22.75","22.95","22.50","22.80","0.0000","65"
"1150624","2723","蝢憌-KY","236035","15697888","65.10","67.40","65.00","67.10","1.8000","219"
"1150624","2727","","333971","82555360","246.50","248.50","245.50","246.50","0.0000","848"
"1150624","2731","","829338","125436899","151.00","152.00","150.50","151.00","-0.5000","1052"
"1150624","2739","撖","183524","6706029","36.40","36.75","36.35","36.75","0.3500","928"
"1150624","2748","脣","126034","5006080","39.50","40.05","39.50","39.80","-0.1000","79"
"1150624","2753","急寥脤","391650","74327538","190.00","190.50","188.50","190.00","0.0000","586"
"1150624","2762","銝亥澈-KY","145884","12263784","84.50","85.00","83.50","83.90","-1.4000","281"
"1150624","2801","敶圈","18305144","420943757","23.20","23.20","22.90","22.90","-0.3000","5522"
"1150624","2812","唬葉","11532691","229387260","19.90","20.00","19.75","19.85","-0.1500","3662"
"1150624","2816","箸箔","215118","7218215","33.65","33.90","33.35","33.50","-0.2500","135"
"1150624","2820","舐巨","1894728","33492178","17.70","17.75","17.60","17.70","0.0000","822"
"1150624","2832","啁","239003","13399022","56.40","56.70","55.80","56.00","-0.4000","386"
"1150624","2834","箔","35024749","620770563","17.60","17.85","17.50","17.80","0.1500","7479"
"1150624","2836","擃","1175781","14428672","12.30","12.35","12.20","12.25","-0.0500","447"
"1150624","2836A","擃脩","39000","959700","24.60","24.65","24.60","24.60","0.0000","11"
"1150624","2838","舫阡","1296325","29258402","22.80","22.80","22.45","22.55","-0.2000","831"
"1150624","2838A","舫阡脩","63872","3459662","54.20","54.20","54.10","54.20","0.0000","41"
"1150624","2845","梢","23225525","302168353","13.00","13.15","12.90","13.00","-0.1000","4043"
"1150624","2849","摰瘜圈","100744","1477112","14.70","14.70","14.60","14.70","0.0500","100"
"1150624","2850","啁","338221","48196349","145.00","145.50","141.00","141.00","-3.5000","2375"
"1150624","2851","銝剖靽","3789464","146659894","38.45","39.00","38.40","38.65","-0.3500","1750"
"1150624","2852","蝚砌靽","346781","9175001","26.50","26.60","26.30","26.30","-0.3000","227"
"1150624","2855","蝯曹霅","10616194","524037707","50.10","50.20","48.75","49.15","-1.4500","6613"
"1150624","2867","銝憯","19439096","166549119","8.66","8.66","8.51","8.51","-0.2100","3207"
"1150624","2880","臬","55048004","2023203376","37.20","37.35","36.25","37.00","-0.5500","17532"
"1150624","2881","撖阡","29965550","4083555904","135.50","139.00","134.50","134.50","-3.0000","12981"
"1150624","2881A","撖衣","143820","9142420","63.70","63.80","63.50","63.80","0.1000","65"
"1150624","2881B","撖阡銋","10071","630819","62.70","62.70","62.60","62.70","0.0000","20"
"1150624","2881C","撖阡銝","23497","1204179","51.20","51.30","51.20","51.20","-0.1000","53"
"1150624","2882","瘜圈","34364951","3830012740","110.50","114.00","110.00","110.00","-3.5000","14165"
"1150624","2882A","瘜啁","200250","12399888","61.90","62.00","61.90","62.00","0.0000","23"
"1150624","2882B","瘜圈銋","104866","6375575","60.80","60.90","60.80","60.90","0.1000","34"
"1150624","2883","勗粹","65959146","1961613495","30.10","30.15","29.50","29.80","-0.3000","22665"
"1150624","2883B","勗粹銋","1189334","9811341","8.26","8.26","8.24","8.25","-0.0100","305"
"1150624","2884","撅梢","66780179","2349312086","35.30","35.50","35.00","35.00","-0.8000","19048"
"1150624","2885","憭折","50652242","3355773093","67.90","67.90","65.60","66.10","-2.2000","22681"
"1150624","2886","鞊","55119085","2462705918","45.00","45.15","44.40","44.55","-0.6500","14358"
"1150624","2887","唳唳啣","59301672","1884712600","32.05","32.15","31.60","31.60","-0.5500","16264"
"1150624","2887E","唳唳啣嫣","257073","13014191","50.60","50.80","50.50","50.60","-0.1000","154"
"1150624","2887F","唳唳啣嫣","26000","1228100","47.25","47.25","47.20","47.25","0.0000","18"
"1150624","2887G","唳唳啣摨嫣","46276","1994584","43.10","43.15","43.10","43.15","0.0500","38"
"1150624","2887H","唳唳啣摨嫣","237240","9786237","41.25","41.30","41.25","41.30","0.0500","34"
"1150624","2887I","唳唳啣颲","2964761","28039999","9.45","9.47","9.45","9.45","-0.0100","760"
"1150624","2887Z1","唳唳啣撌梁","25765","464820","18.10","18.10","18.00","18.00","-0.1000","24"
"1150624","2889","蟡券","5434615","81075977","15.00","15.00","14.80","14.95","-0.0500","2131"
"1150624","2890","瘞貉","65823679","2592955955","39.60","40.90","38.90","39.55","-0.2500","15255"
"1150624","2891","銝凋縑","53286650","3758105745","71.50","72.00","69.90","69.90","-2.5000","23588"
"1150624","2891B","銝凋縑銋","4446","285223","64.10","64.30","64.00","64.30","0.0000","14"
"1150624","2891C","銝凋縑銝","30229","1892405","62.60","62.70","62.60","62.70","0.0000","16"
"1150624","2892","蝚砌","38735886","1248206625","32.25","32.65","32.00","32.05","-0.4000","8423"
"1150624","2897","銵","5715615","60047247","10.55","10.60","10.45","10.55","-0.1000","1187"
"1150624","2897B","銋","23153","274354","11.85","11.85","11.85","11.85","0.0000","13"
"1150624","2901","甈甈","14757","352600","24.00","24.20","23.55","23.80","-0.2000","60"
"1150624","2903","","1581535","36906658","23.35","23.45","23.15","23.30","0.0500","906"
"1150624","2904","臬","21443","303886","14.25","14.25","14.10","14.20","-0.0500","34"
"1150624","2905","銝","633355","9483926","14.95","15.10","14.80","15.00","-0.0500","394"
"1150624","2906","擃","168092","2160441","12.80","12.95","12.70","12.95","0.0500","159"
"1150624","2908","孵","117801","2474727","21.15","21.15","20.85","21.10","0.0000","217"
"1150624","2910","蝯梢","9001","204024","22.35","23.00","22.35","22.70","-0.3000","8"
"1150624","2911","暻戭唳","351916","2638290","7.43","7.68","7.36","7.36","-0.1400","280"
"1150624","2912","蝯曹頞","3823604","865705807","227.00","229.00","225.00","225.00","-2.0000","2684"
"1150624","2913","颲脫","1789954","19632097","11.10","11.10","10.90","10.95","-0.0500","810"
"1150624","2915","瞏斗陸","4634594","246247687","52.90","53.60","52.40","52.60","-0.2000","1436"
"1150624","2923","曌-KY","78651","2027879","25.55","26.40","25.20","25.40","-0.2000","189"
"1150624","2929","瘛撣-KY","123393","717660","5.79","5.87","5.78","5.85","-0.0100","85"
"1150624","2939","瘞賊-KY","54001","1066070","20.15","20.65","19.40","19.75","-0.4000","36"
"1150624","2945","銝摰嗉頃","62461","2703521","42.75","43.80","42.75","43.35","0.4000","65"
"1150624","3002","甇","742860","16233568","21.70","22.30","21.50","21.80","-0.2000","571"
"1150624","3003","亙","2109435","146981262","67.70","70.40","67.40","70.20","1.7000","1947"
"1150624","3004","鞊蝘","317193","41142962","129.00","132.00","128.00","132.00","1.0000","439"
"1150624","3005","蟡","2755756","274162664","99.50","100.50","98.70","99.50","-0.5000","2851"
"1150624","3006","嗉悸蝘","15746056","3892843267","241.00","254.00","240.00","246.50","1.5000","13293"
"1150624","3008","憭抒","2051082","10056659480","4870.00","4985.00","4825.00","4900.00","-100.0000","21355"
"1150624","3010","舐","1473355","184554402","126.50","127.50","124.00","126.00","-0.5000","1467"
"1150624","3011","隞","687563","9659393","14.10","14.25","13.90","14.25","0.1500","310"
"1150624","3013","","1702441","185812230","109.50","111.00","107.50","109.50","0.0000","2073"
"1150624","3014","舫","6715891","1111330367","161.00","170.50","158.50","166.00","5.0000","13502"
"1150624","3015","冽慰","1476282","92747147","61.50","63.80","61.20","62.50","0.0000","1371"
"1150624","3016","","18860056","2693555598","151.50","153.00","137.50","137.50","-15.0000","14125"
"1150624","3017","憟","6449281","15909334935","2355.00","2590.00","2335.00","2530.00","105.0000","28283"
"1150624","3018","蝬","39178","479572","12.00","12.35","12.00","12.35","0.3500","66"
"1150624","3019","鈭","5037781","771073605","151.00","155.50","149.50","155.50","0.0000","4307"
"1150624","3021","暾餃","615309","17612490","28.80","29.40","28.25","28.95","-0.8500","541"
"1150624","3022","憡撘琿","1361567","112324209","82.40","84.20","81.20","82.80","0.9000","1077"
"1150624","3023","靽⊿","1230689","391517327","310.50","323.50","310.50","319.50","9.0000","1583"
"1150624","3024","嗉","901536","11127918","12.30","12.55","12.10","12.45","0.1500","464"
"1150624","3025","","399361","27841050","69.70","70.90","69.00","69.90","0.2000","337"
"1150624","3026","蝳曆撓","2542318","1977226240","800.00","800.00","758.00","796.00","-12.0000","4910"
"1150624","3027","","509774","10742957","21.00","21.45","20.85","21.00","-0.2500","351"
"1150624","3028","憓雿撘","2429132","192989612","78.20","81.50","77.50","79.40","0.5000","2004"
"1150624","3029","嗅ㄨ","1122349","110857960","98.00","99.90","98.00","99.30","-0.6000","1458"
"1150624","3030","敺瑕","1405614","465821166","331.00","335.00","327.50","332.50","-5.5000","2365"
"1150624","3031","雿圈暑","2780756","86056276","31.50","31.85","30.45","30.90","-1.1500","2043"
"1150624","3032","閮","800197","64973081","81.00","82.40","80.00","81.70","0.0000","758"
"1150624","3033","憡","5438787","271148563","49.75","50.60","49.30","50.00","-0.2000","3509"
"1150624","3034","航","5270948","2836250893","540.00","546.00","525.00","543.00","-1.0000","7757"
"1150624","3035","箏","15426860","3496568921","229.50","233.00","221.00","230.50","-2.5000","16991"
"1150624","3036","","7165706","1567995113","222.00","222.00","217.00","219.00","-1.5000","6380"
"1150624","3037","甈","27122991","25331936392","938.00","952.00","916.00","931.00","-43.0000","81152"
"1150624","3038","典","386222","8677506","22.50","22.85","22.25","22.50","-0.3000","259"
"1150624","3040","閬","82774","3135666","37.85","38.20","37.75","37.75","-0.1500","88"
"1150624","3041","","5043562","155745519","30.50","32.00","29.80","30.85","-0.3500","4010"
"1150624","3042","嗆","18294461","3457026646","188.00","193.00","184.50","190.50","0.0000","18634"
"1150624","3043","蝘憸","127016","2885001","22.45","23.00","22.45","22.70","0.0000","137"
"1150624","3044","仿","2755065","1445129294","523.00","536.00","516.00","526.00","-5.0000","6552"
"1150624","3045","啁憭","7767643","928169599","118.50","120.50","118.00","119.50","0.5000","3434"
"1150624","3046","撱箇","496579","27671527","54.90","56.50","54.90","56.00","0.1000","409"
"1150624","3047","閮","1721249","27171516","15.80","16.05","15.60","15.85","-0.0500","883"
"1150624","3048","","4671911","320059248","68.30","69.70","67.30","69.00","-0.3000","4082"
"1150624","3049","蝎暸","7034882","98892126","13.20","14.50","13.20","14.10","0.4000","4478"
"1150624","3050","箏噸","661988","8452902","12.50","12.90","12.45","12.90","0.2500","335"
"1150624","3051","","12590179","369560071","27.15","29.90","27.00","29.45","2.2500","5578"
"1150624","3052","憭","171680","1831353","10.65","10.75","10.60","10.65","0.0000","206"
"1150624","3054","蝡砍","82869","5469974","66.10","66.50","65.50","66.00","-0.1000","64"
"1150624","3055","舐","2932613","286241558","89.10","99.90","88.50","99.90","9.0000","2049"
"1150624","3056","撖舀","2051371","30444550","15.20","15.20","14.65","14.65","-0.6000","1349"
"1150624","3057","祇","211103","4105074","18.95","20.00","18.80","19.95","0.9500","213"
"1150624","3058","蝡敺","928104","8699001","9.42","9.55","9.25","9.40","-0.0600","521"
"1150624","3059","舀嗥","4186471","198346474","47.00","48.20","46.40","47.70","0.3500","2948"
"1150624","3060","","10288550","406060241","39.00","40.95","37.70","38.60","-0.8500","9753"
"1150624","3062","撱箸慰","3320655","83312819","25.30","25.45","24.75","25.10","-0.1000","1887"
"1150624","3090","仿餉窒","1466166","432938974","290.00","303.00","289.00","303.00","0.5000","2428"
"1150624","3092","暾餌◣","442161","13549441","31.00","31.15","30.30","30.80","-0.4000","363"
"1150624","3094","臬","14669750","653608528","40.50","45.25","40.30","45.25","4.1000","8095"
"1150624","3130","銝嗅","60100","13375700","222.50","223.50","222.00","222.50","-1.0000","298"
"1150624","3135","","1766012","336595497","188.50","194.50","188.50","192.00","-2.0000","2259"
"1150624","3138","","674290","86527224","127.00","132.50","126.00","127.50","-2.5000","1042"
"1150624","3149","甇","35986755","3604537155","91.90","103.50","91.30","102.00","7.9000","25040"
"1150624","3150","箏窄-","128400","2561639","20.15","20.35","19.50","19.70","-0.4500","80"
"1150624","3164","臬眾","100609","1619609","16.30","16.35","16.00","16.25","-0.0500","107"
"1150624","3167","憭折","317799","251680799","774.00","800.00","774.00","793.00","13.0000","1158"
"1150624","3168","曄蝘","28060","1250569","44.30","45.00","44.30","44.35","-1.0000","27"
"1150624","3189","舐◣","29958162","22169743017","749.00","766.00","710.00","739.00","12.0000","37833"
"1150624","3209","函","1636625","99748649","61.50","61.90","60.40","61.20","-0.7000","1316"
"1150624","3229","","1140456","54891986","49.50","53.00","45.00","46.65","-2.8500","947"
"1150624","3231","蝺臬","30028729","4718744150","156.50","159.50","155.00","157.50","-1.0000","22639"
"1150624","3257","孵","6511969","465639959","71.10","73.70","69.60","71.10","-2.8000","5243"
"1150624","3266","","34010","457786","13.40","13.60","13.35","13.60","0.0500","23"
"1150624","3296","敺","355428","9948634","27.95","28.85","27.40","28.00","-0.8500","332"
"1150624","3305","鞎","1988362","272052286","135.50","138.50","135.00","138.00","-1.0000","2229"
"1150624","3308","臬噸","93357","2041790","22.05","22.25","21.50","21.80","-0.2000","126"
"1150624","3311","","664424","25600659","38.80","39.15","38.15","38.40","-0.9500","961"
"1150624","3312","撘嗉","5368567","335743614","62.00","64.60","61.00","62.50","-0.7000","3809"
"1150624","3321","瘜","1287097","33770706","25.10","27.10","25.10","26.65","0.8000","688"
"1150624","3338","瘜啁◣","640739","47474463","74.70","74.80","73.30","74.80","0.0000","665"
"1150624","3346","暻皜","1369856","34102130","24.30","25.45","24.10","25.05","0.4500","840"
"1150624","3356","憟","800664","48761315","60.20","61.60","59.50","61.50","1.2000","819"
"1150624","3376","唳亥","3067287","619711596","200.50","205.00","199.00","201.00","-1.5000","3488"
"1150624","3380","瘜","2701768","92858085","33.80","34.85","33.80","34.50","0.3000","1461"
"1150624","3406","嗅","2572533","1885974961","735.00","746.00","723.00","733.00","-8.0000","4937"
"1150624","3413","鈭祇","1254266","387692142","307.00","313.50","305.00","311.00","-1.0000","1868"
"1150624","3416","蝔","294543","50091234","169.00","172.00","168.50","171.00","-0.5000","381"
"1150624","3419","霅鋆","200229","2834311","14.10","14.40","14.05","14.20","0.0000","106"
"1150624","3432","啁垢","110037","2012475","18.40","18.95","17.60","18.80","0.2000","74"
"1150624","3437","璁桀","2682666","63059783","23.35","24.40","22.95","23.25","0.0000","1569"
"1150624","3443","菜","1747105","8295987820","4725.00","4880.00","4615.00","4880.00","155.0000","7455"
"1150624","3447","撅","318395","12484206","37.90","40.10","37.70","39.40","1.4000","269"
"1150624","3450","舫","16201906","9498471545","586.00","604.00","568.00","581.00","-31.0000","22876"
"1150624","3481","蝢文","1097149768","76532404822","65.00","72.60","63.90","69.40","3.4000","385038"
"1150624","3494","隤","85398","683914","7.99","8.17","7.90","8.17","0.1600","61"
"1150624","3501","蝬剔","1558764","63578679","41.00","41.25","40.20","40.75","-0.6000","833"
"1150624","3504","","1971421","172397462","86.00","89.60","85.10","87.80","1.1000","1845"
"1150624","3515","舀","321463","77520544","242.50","243.00","239.00","241.00","-0.5000","600"
"1150624","3518","擉","545180","16160705","29.50","30.20","29.05","29.75","-0.1500","409"
"1150624","3528","摰擐","643109","67174743","103.50","107.00","103.00","104.00","-1.0000","2344"
"1150624","3530","嗥詨","564804","40458245","72.00","73.80","70.20","73.20","0.0000","938"
"1150624","3532","啣蝘","641665","232849504","364.50","369.50","358.00","365.00","-8.0000","1034"
"1150624","3533","瞉","714097","1571345760","2200.00","2255.00","2150.00","2235.00","0.0000","2584"
"1150624","3535","嗅蔗蝘","1711188","209905949","120.00","125.50","119.00","122.50","0.5000","2068"
"1150624","3543","撌撌","786290","23631119","30.40","30.90","29.60","29.75","-0.4000","551"
"1150624","3545","行陸","1404335","83341812","58.90","60.50","58.20","60.10","0.6000","1211"
"1150624","3550","舐","17339769","645300035","35.30","38.50","34.80","36.00","1.0000","9047"
"1150624","3557","憡","63175","1633004","25.80","26.00","25.80","25.80","-0.2000","78"
"1150624","3563","批噸","399502","283405647","707.00","718.00","699.00","715.00","8.0000","1276"
"1150624","3576","臬","12164983","215584596","17.25","18.20","17.15","17.80","0.3500","5344"
"1150624","3583","颲","929675","801422057","866.00","876.00","849.00","858.00","-24.0000","3435"
"1150624","3588","","3552425","260429769","68.00","75.90","66.90","75.90","6.9000","3844"
"1150624","3591","曄璉","20249868","570688574","27.80","29.00","27.25","27.30","-0.2500","11485"
"1150624","3592","曌","686636","191788214","280.00","284.50","276.00","280.00","-4.5000","1142"
"1150624","3593","","53089","804252","15.00","15.60","15.00","15.60","-0.4000","61"
"1150624","3596","箸","3041374","574821176","183.00","192.00","180.50","190.50","9.5000","2759"
"1150624","3605","摰","2013198","155312928","78.00","78.50","75.90","76.60","-2.4000","2012"
"1150624","3607","靚瑕揮","397029","6674856","16.55","17.00","16.45","16.85","0.2500","229"
"1150624","3617","蝣拙予","266106","56704786","214.50","217.50","211.00","212.00","-1.5000","337"
"1150624","3622","瘣","310009","17386363","56.00","56.50","55.70","56.40","-0.2000","281"
"1150624","3645","","1692762","156488354","90.60","94.40","90.60","94.30","2.2000","1608"
"1150624","3652","蝎曇","330529","13238239","40.50","40.85","39.10","40.85","0.1000","360"
"1150624","3653","亦","2198864","8014042675","3790.00","3815.00","3555.00","3640.00","-200.0000","16531"
"1150624","3661","銝-KY","1230751","5268220290","4315.00","4345.00","4220.00","4330.00","-45.0000","8055"
"1150624","3665","鞎輯-KY","3470666","6940264175","1995.00","2075.00","1940.00","2005.00","5.0000","14015"
"1150624","3669","撅","159171","5566975","35.00","35.40","34.80","35.10","0.1000","110"
"1150624","3673","TPK-KY","22043409","1865886898","81.50","88.50","80.80","83.60","1.4000","14824"
"1150624","3679","啗喲","41956","4639090","111.00","111.50","110.00","110.50","-0.5000","77"
"1150624","3686","","363353","6350258","17.80","17.80","17.25","17.35","-0.0500","203"
"1150624","3694","瘚瑁","1118626","66637417","60.00","60.90","58.90","59.60","-0.8000","931"
"1150624","3701","憭抒暹","809093","38052556","46.80","47.70","46.35","47.70","0.1500","633"
"1150624","3702","憭扯臬之","3749385","399125946","107.00","108.00","105.50","106.50","-1.5000","3227"
"1150624","3703","甈","752424","16023619","21.25","21.45","21.20","21.25","-0.1000","411"
"1150624","3704","斗","3701713","179437014","49.15","49.70","47.60","48.60","-1.1000","3053"
"1150624","3705","瘞訾縑","550295","29702713","54.10","54.50","53.60","54.10","0.0000","480"
"1150624","3706","蟡","11316860","968398737","85.00","87.10","84.60","86.70","1.2000","8687"
"1150624","3708","銝蝺舀","372075","42512795","115.00","115.00","112.50","114.50","0.0000","450"
"1150624","3711","交","35885480","22851001408","636.00","659.00","618.00","653.00","-9.0000","52048"
"1150624","3712","瘞詨斐","538889","9676307","17.90","18.35","17.70","17.95","0.0000","420"
"1150624","3714","撖","20954101","1497687579","69.00","73.60","68.60","71.20","1.1000","15189"
"1150624","3715","摰蝛","8366932","1506710377","180.00","182.50","177.50","179.50","-0.5000","11980"
"1150624","3716","銝剖扯","217405","7653435","35.00","35.40","34.85","35.25","0.3000","584"
"1150624","3717","臬","1932954","42410703","22.00","22.45","21.60","22.45","0.3000","873"
"1150624","4104","雿喲","242698","16719039","68.90","69.30","68.60","68.80","-0.1000","480"
"1150624","4106","","107664","2480635","23.25","23.25","22.95","23.10","-0.1000","103"
"1150624","4108","瑞","199992","2406867","11.95","12.20","11.95","12.00","0.0000","142"
"1150624","4119","剖","146672","6444481","43.45","44.35","43.35","44.25","1.0500","202"
"1150624","4133","鈭隢暹","66014","1355477","20.45","20.75","20.45","20.70","0.2500","118"
"1150624","4137","暻鞊-KY","122018","13366618","110.00","110.50","109.00","109.50","-1.0000","168"
"1150624","4142","","1075670","18528166","17.15","17.35","17.10","17.25","0.1000","689"
"1150624","4148","典-KY","40866","1222915","29.80","30.80","29.70","30.80","1.0000","34"
"1150624","4155","閮","280921","4215693","14.85","15.20","14.80","15.00","0.0500","219"
"1150624","4164","踵平","538247","16290267","30.00","30.55","29.70","30.55","0.4000","449"
"1150624","4169","瘜啣","567571","107854456","184.50","200.00","179.00","193.00","8.5000","1811"
"1150624","4178","瘞貊-KY","366336","6274552","16.65","17.45","16.60","17.30","0.5500","229"
"1150624","4190","雿-KY","30472","734491","24.10","24.25","24.00","24.00","-0.1000","85"
"1150624","4195","箇掖-","111265","1718508","15.90","15.90","15.35","15.45","0.1500","97"
"1150624","4306","瘣","1567340","25035460","16.00","16.15","15.85","15.95","-0.1500","864"
"1150624","4414","憒","167952","1415867","8.42","8.50","8.40","8.44","0.0200","113"
"1150624","4426","拙","126511","988352","7.80","7.97","7.74","7.80","0.0800","89"
"1150624","4438","撱頞","32565","1942366","59.50","60.00","59.40","59.80","0.2000","33"
"1150624","4439","-KY","4171","375190","90.00","90.00","89.80","90.00","0.0000","7"
"1150624","4440","摰啣祕璆","35253","606328","17.20","17.25","17.15","17.15","-0.0500","33"
"1150624","4441","臬之啁","49094","9493175","193.50","195.00","192.50","193.00","-2.0000","89"
"1150624","4526","勗","4517662","184475045","39.80","42.30","39.65","42.10","1.8000","2982"
"1150624","4532","","1101206","26398935","23.90","24.20","23.80","24.05","0.1500","416"
"1150624","4536","","131472","21647375","163.00","165.50","163.00","164.50","0.0000","146"
"1150624","4540","函喳","1461150","86433485","59.50","60.10","58.20","60.10","0.6000","1551"
"1150624","4545","","261139","9709239","38.25","38.25","36.30","36.85","-1.1000","250"
"1150624","4551","箔撓蝘","922636","222685436","240.50","244.00","238.50","244.00","-1.0000","1132"
"1150624","4552","-KY","48589","1027311","21.00","21.40","20.95","21.10","0.1000","78"
"1150624","4555","瘞蝡","296073","13787015","47.55","47.75","45.80","46.20","-1.8500","375"
"1150624","4557","瘞豢-KY","74669","3545796","47.75","47.95","47.35","47.40","0.0000","100"
"1150624","4560","撘瑚縑-KY","138043","4472928","32.45","32.65","32.15","32.60","0.1500","83"
"1150624","4562","蝛瞍","270303","9487015","34.85","35.60","34.60","35.15","0.3000","220"
"1150624","4564","蝧","360816","5624902","15.65","15.80","15.45","15.70","-0.0500","326"
"1150624","4566","蝣拙極璆","585830","36884888","63.30","63.60","62.50","63.40","-0.4000","491"
"1150624","4569","剜寧-KY","87593","15935899","185.50","186.50","179.00","180.50","-6.5000","1147"
"1150624","4571","-KY","379739","64898680","171.50","174.00","168.50","171.00","0.0000","649"
"1150624","4572","擏樴","10780","1545940","143.00","144.00","143.00","143.50","-1.0000","36"
"1150624","4576","憭折敺桃頂蝯","1363255","298489089","222.50","223.00","214.00","219.00","-7.5000","2539"
"1150624","4581","蝎曉-KY","13058","654187","50.00","50.20","50.00","50.20","0.2000","13"
"1150624","4582","-","88677","2243616","25.30","25.50","25.15","25.45","-0.0500","80"
"1150624","4583","啁蝎暸","76055","46108908","607.00","615.00","599.00","611.00","-7.0000","345"
"1150624","4585","","212940","65028327","306.00","308.00","303.00","305.50","-5.0000","787"
"1150624","4588","曌餃","75205","4511923","59.80","60.50","59.50","60.00","0.2000","71"
"1150624","4590","撖-","199610","15436282","77.80","77.80","76.80","76.90","-2.4000","295"
"1150624","4720","敺瑟殿","1019568","24125817","23.40","24.00","23.20","23.95","0.0500","588"
"1150624","4722","蝎曉","5221126","1546694264","270.00","301.00","267.00","301.00","27.0000","5947"
"1150624","4736","瘜啣","84516","10409893","123.00","124.00","122.50","123.00","0.0000","143"
"1150624","4737","臬誨","139455","8131067","57.90","59.30","57.10","57.10","-0.4000","100"
"1150624","4739","摨瑟","1843929","221358057","122.00","122.00","118.50","121.00","-1.0000","1822"
"1150624","4746","啗","957863","50434343","52.20","53.40","51.50","52.60","0.9000","835"
"1150624","4755","銝蝳","244974","34605355","143.00","143.00","140.00","141.50","-2.5000","352"
"1150624","4763","*-KY","8377025","378504678","46.40","46.40","44.50","45.00","-1.6500","5355"
"1150624","4764","","1108101","360430512","333.00","335.00","318.00","321.00","-25.5000","1468"
"1150624","4766","撖","419340","145028816","347.00","350.50","342.50","346.50","-3.5000","848"
"1150624","4770","銝","214334","45675825","213.00","215.50","212.00","212.50","-1.5000","381"
"1150624","4771","","118204","22520822","191.50","192.00","189.00","190.50","-1.0000","119"
"1150624","4807","交-KY","455181","19375382","42.00","43.75","41.45","42.95","-0.6000","487"
"1150624","4904","","34782219","3693554373","107.50","107.50","104.00","107.00","0.0000","6783"
"1150624","4906","甇","12804615","577909184","44.00","46.30","43.90","44.85","0.3500","7669"
"1150624","4912","臬噸扯-KY","354476","30912766","87.80","88.50","86.20","88.50","0.4000","354"
"1150624","4915","港撓","4652023","347437277","74.80","75.20","74.30","74.30","-0.9000","3810"
"1150624","4916","鈭甈蝘","3951290","396508508","98.50","102.50","98.20","101.50","1.5000","3436"
"1150624","4919","啣","17298189","3235067448","191.50","195.00","180.50","186.00","-8.5000","18153"
"1150624","4927","瘜圈-KY","4213294","205251419","48.20","49.60","48.15","48.55","-0.3500","3168"
"1150624","4930","行蝬","43085","743823","17.30","17.35","17.15","17.25","0.0000","93"
"1150624","4934","憭芣扔","1992785","34825067","17.75","17.90","17.25","17.55","-0.4000","857"
"1150624","4935","-KY","109350","4236729","39.55","39.55","38.40","38.75","0.0000","98"
"1150624","4938","蝣","24050446","1993975727","80.30","84.50","80.10","84.00","3.6000","13242"
"1150624","4942","敶","81360","3069936","37.40","38.05","37.40","37.80","0.4000","87"
"1150624","4943","摨瑟-KY","43788","383822","8.80","8.80","8.70","8.80","0.0000","32"
"1150624","4949","蝎曉","1376320","122087405","88.80","90.50","86.80","90.50","2.7000","1389"
"1150624","4952","","1184824","68460423","56.00","59.10","56.00","57.90","0.0000","1035"
"1150624","4956","","4863668","202362522","42.80","43.25","40.30","41.10","-1.6500","3498"
"1150624","4958","駁-KY","27140621","16016007717","575.00","603.00","575.00","587.00","0.0000","38661"
"1150624","4960","隤蝢","3586776","102240135","28.20","29.20","28.00","28.35","0.1000","2137"
"1150624","4961","憭拚","1024953","179381695","172.50","179.00","170.00","177.00","2.5000","1221"
"1150624","4967","","3018982","821472936","265.50","278.00","265.50","278.00","6.0000","3246"
"1150624","4968","蝡蝛","1545539","185283402","118.50","121.00","117.50","120.50","1.5000","1632"
"1150624","4976","雿喳","3066105","120579672","38.80","40.20","38.60","38.85","-0.3000","2339"
"1150624","4977","暸-KY","1380121","254082496","184.00","188.00","181.00","182.50","-3.0000","2230"
"1150624","4989","璁桃","9861389","947803336","92.40","101.00","92.30","93.70","-0.3000","8376"
"1150624","4994","喳","37807","3461257","92.90","93.00","90.30","91.60","-1.2000","305"
"1150624","4999","怎汙","89760","1846203","20.20","20.80","20.20","20.55","-0.2000","142"
"1150624","5007","銝","17021","955789","56.50","56.60","56.00","56.30","-0.1000","76"
"1150624","5203","閮","276203","18691636","67.20","68.50","67.20","67.50","-0.4000","257"
"1150624","5215","蝘-KY","130065","5775839","44.30","45.05","44.10","44.50","-0.2500","80"
"1150624","5222","刻","305896","36166682","119.00","120.00","117.00","119.00","-0.5000","463"
"1150624","5225","梁-KY","129954","9485702","72.60","73.60","72.50","72.80","-0.2000","119"
"1150624","5234","","428042","165000800","384.00","391.50","379.00","389.50","4.5000","752"
"1150624","5243","銋-KY","2198514","225571153","101.00","104.50","100.00","104.00","1.0000","2097"
"1150624","5244","撘","115500","4350155","37.90","38.00","37.50","37.55","-0.3500","140"
"1150624","5258","孵","375827","18716376","49.90","50.40","49.45","49.70","-0.3000","342"
"1150624","5269","蟡亦◣","637646","896630670","1395.00","1430.00","1385.00","1425.00","0.0000","2795"
"1150624","5283","蝳曇舐◣","189850","10850276","57.90","57.90","56.00","57.50","0.1000","530"
"1150624","5284","jpp-KY","352384","132621501","372.50","380.00","372.00","377.50","1.5000","735"
"1150624","5285","","13276604","1437695216","99.90","110.00","98.10","110.00","10.0000","8327"
"1150624","5288","鞊蟡-KY","196151","35216045","182.00","184.50","176.50","180.50","-3.5000","247"
"1150624","5292","舀","238771","52508811","224.00","226.00","216.50","217.50","-8.5000","485"
"1150624","5306","獢","97626","8296134","84.80","85.60","84.70","85.60","0.2000","118"
"1150624","5388","銝剔","2253864","182997116","79.10","82.00","79.10","81.70","1.8000","1805"
"1150624","5434","撏頞","759923","369630484","486.50","492.50","478.50","489.00","-2.5000","1193"
"1150624","5469","摰","2700534","230954162","85.00","87.00","84.60","85.50","-1.3000","2680"
"1150624","5471","曄膩","4241690","264773825","61.30","64.30","60.80","62.40","0.0000","3380"
"1150624","5484","批","651891","30265014","45.00","47.65","45.00","47.20","1.7000","544"
"1150624","5515","撱箏","1440588","60018387","41.70","41.95","41.45","41.55","-0.2500","1107"
"1150624","5519","憭","813372","27690657","33.70","34.50","33.55","33.80","0.1000","475"
"1150624","5521","撌乩縑","2898901","30048707","10.25","10.50","10.25","10.40","0.0000","1002"
"1150624","5522","","4387027","315769791","71.50","73.00","71.40","71.50","-0.9000","2427"
"1150624","5525","憭","93567","2033350","21.60","22.00","21.55","21.90","0.2000","59"
"1150624","5531","","206963","1674944","8.02","8.15","8.02","8.10","0.0500","137"
"1150624","5533","曌","72464","1009786","13.90","14.00","13.90","13.95","0.0000","43"
"1150624","5534","瑁","798321","63207850","78.50","79.90","78.30","79.20","0.3000","710"
"1150624","5538","望-KY","31031","1018616","33.00","33.30","32.55","32.75","-0.1500","25"
"1150624","5546","瘞詨-KY","2000","33750","16.95","16.95","16.80","16.80","-0.2000","2"
"1150624","5607","皜","581845","29431652","50.90","51.10","50.40","50.60","-0.7000","804"
"1150624","5608","蝬剛","887761","12932235","14.60","14.75","14.50","14.50","-0.1000","504"
"1150624","5706","曈喳","319628","16833222","52.90","53.20","52.50","52.70","-0.1000","978"
"1150624","5871","銝剔-KY","7681667","877821102","115.00","116.00","113.50","113.50","-1.5000","4494"
"1150624","5871A","銝剔-KY脩","21146","2172464","102.50","103.00","102.50","103.00","0.0000","21"
"1150624","5876","銝瘚瑕","17454220","724363184","41.80","41.85","41.20","41.55","-0.2500","8687"
"1150624","5880","摨恍","18131110","443514572","24.50","24.65","24.30","24.40","-0.1500","5940"
"1150624","5906","啣-KY","5064","191601","38.50","38.50","37.10","38.00","-0.5000","7"
"1150624","5907","憭扳-KY","91159","460705","5.03","5.08","5.03","5.07","0.0300","62"
"1150624","6005","蝢斤霅","21762523","839339096","39.40","39.40","38.00","38.55","-1.2000","11597"
"1150624","6024","蝢斤","394957","24224041","61.60","61.80","61.00","61.10","-0.9000","1081"
"1150624","6108","蝡嗅","529791","9936287","18.85","19.00","18.55","18.85","-0.0500","281"
"1150624","6112","","758931","33347285","43.80","44.55","43.70","44.15","-0.2000","756"
"1150624","6115","啣","119680","5778698","48.00","48.55","47.90","48.40","0.2500","84"
"1150624","6116","敶拇","393808124","7885450934","18.40","20.90","18.35","19.40","0.4000","91000"
"1150624","6117","餈撱","331825","24892756","75.10","75.80","74.50","75.20","0.1000","373"
"1150624","6120","","4855165","72350033","14.35","15.40","14.30","14.85","0.3500","2116"
"1150624","6128","銝蝳","155704","3167610","20.40","20.65","20.20","20.55","0.1500","83"
"1150624","6133","璈","500992","11515341","22.90","23.25","22.75","23.05","0.1500","293"
"1150624","6136","撖曄","122583","3079568","25.00","25.20","24.95","25.20","0.0500","119"
"1150624","6139","鈭蝧","3143254","2528411086","781.00","826.00","771.00","818.00","27.0000","6216"
"1150624","6141","","2709558","103707007","35.00","38.75","35.00","38.75","3.5000","1186"
"1150624","6142","","677719","6262073","9.04","9.45","9.04","9.21","0.0100","330"
"1150624","6152","曆","913710","12676908","13.85","14.10","13.70","14.00","0.2000","1466"
"1150624","6153","舐","17206720","407292143","23.80","24.65","23.10","23.25","-1.0500","7776"
"1150624","6155","撖","10229702","896046049","87.00","91.80","84.80","87.00","-1.5000","9223"
"1150624","6164","航","1138041","15396903","13.30","14.00","13.25","13.55","0.0000","693"
"1150624","6165","瘚芸","236891","11194180","47.25","47.85","47.00","47.25","0.0000","228"
"1150624","6166","","2158256","328357250","155.00","157.00","149.00","154.00","-2.5000","2424"
"1150624","6168","摰朣","48206289","1679480263","33.50","36.65","33.20","35.50","1.3000","25658"
"1150624","6176","","8466976","766777249","89.30","91.50","89.10","90.20","0.2000","5395"
"1150624","6177","暻","998057","46087881","45.90","46.80","45.55","46.10","0.2000","735"
"1150624","6183","鞎","17345","1562597","90.30","90.30","89.90","90.30","-0.2000","68"
"1150624","6184","憭扯","373135","16585930","43.95","44.95","43.95","44.45","0.0000","370"
"1150624","6189","鞊","1887399","100693344","53.60","53.70","52.80","53.40","-0.3000","1398"
"1150624","6191","蝎暹蝘","4779833","468948849","98.10","99.50","97.50","98.40","-0.7000","4356"
"1150624","6192","撌刻楝","629493","76272465","122.00","122.50","119.50","121.00","0.5000","786"
"1150624","6196","撣摰","1111816","595215131","537.00","543.00","526.00","540.00","0.0000","2649"
"1150624","6197","雿喳","3769680","1334509588","350.00","361.50","346.50","359.50","9.5000","5001"
"1150624","6201","鈭撘","1406","68332","48.65","48.65","48.65","48.65","-0.0500","11"
"1150624","6202","蝢","11154215","791330181","71.00","73.00","68.50","71.40","0.5000","8505"
"1150624","6205","閰格派","1246920","100158466","80.20","81.80","79.00","80.70","-0.8000","1224"
"1150624","6206","憌","675999","88050985","131.00","132.00","129.00","130.50","-1.5000","753"
"1150624","6209","隞","9781139","869943083","89.30","90.80","87.10","89.00","-1.3000","7809"
"1150624","6213","航","25462125","7865777110","309.00","309.00","303.00","309.00","28.0000","14101"
"1150624","6214","蝎曇","1401287","181547637","129.50","131.00","127.50","131.00","1.0000","1517"
"1150624","6215","璊","864040","91284087","105.00","107.50","104.00","106.50","0.5000","853"
"1150624","6216","撅","418707","9761325","22.80","23.60","22.80","23.20","0.4000","215"
"1150624","6224","曌","1076018","84477506","77.30","80.50","76.70","80.10","1.4000","863"
"1150624","6225","憭拍","93146","1969684","22.80","23.30","20.35","20.35","-2.2000","55"
"1150624","6226","曌","5224592","78260207","14.70","15.10","14.65","15.10","1.3500","1471"
"1150624","6230","撠澆蝘頞","45145","5914513","134.00","134.00","130.00","131.00","-2.0000","286"
"1150624","6235","臬","510601","20521004","40.10","40.60","39.80","40.50","0.1000","520"
"1150624","6239","","23877717","8073427307","335.00","346.00","328.50","338.00","-6.0000","27498"
"1150624","6243","餈","8694604","391205836","42.60","45.65","42.60","45.65","4.1500","5283"
"1150624","6257","賣","12118467","2881403330","234.50","243.00","233.00","242.50","5.5000","10708"
"1150624","6269","圈","14911761","1213861711","83.00","84.30","78.90","79.00","-4.8000","10621"
"1150624","6271","甈","8986943","2211498245","239.50","253.00","239.00","251.50","7.0000","9359"
"1150624","6272","撽","314061","9904957","31.70","32.00","31.35","31.40","-0.7500","218"
"1150624","6277","摰甇","119336","8465264","70.80","71.90","70.10","71.20","0.3000","138"
"1150624","6278","啗”蝘","4101426","827009329","204.00","205.00","199.00","201.50","-2.5000","6230"
"1150624","6281","典","92990","4747903","51.10","51.20","50.90","51.20","0.1000","91"
"1150624","6282","摨瑁","48228358","3005926404","61.20","64.00","60.70","62.00","0.5000","29558"
"1150624","6283","瘛喳","177354","4289871","24.30","24.50","24.00","24.30","-0.0500","111"
"1150624","6285","蝣","8925293","2273948806","249.00","258.50","249.00","255.00","1.0000","10690"
"1150624","6405","","4024430","280028522","66.50","74.40","65.60","68.90","1.1000","3144"
"1150624","6409","剝","340858","311357615","910.00","924.00","907.00","913.00","1.0000","1165"
"1150624","6412","蝢日","2428835","225607126","93.50","93.90","92.10","93.10","-0.9000","2413"
"1150624","6414","璅箸慰","952417","353146765","372.50","375.50","367.00","371.00","-6.5000","1631"
"1150624","6415","賢*-KY","4188750","2522753002","615.00","619.00","584.00","605.00","-40.0000","7541"
"1150624","6416","蟡粹駁","197532","16131679","81.70","84.30","81.00","82.00","-0.4000","242"
"1150624","6426","蝯望","594056","125787200","214.00","216.00","208.00","211.50","-5.5000","683"
"1150624","6431","暻-KY","72802","1343086","18.35","18.90","18.25","18.25","-0.7000","56"
"1150624","6438","餈敺","537712","81340293","150.00","153.00","150.00","152.50","-1.0000","705"
"1150624","6442","","2077330","4095874460","1965.00","2035.00","1930.00","1935.00","-45.0000","12288"
"1150624","6443","","7892490","294534425","36.95","37.95","36.80","37.05","-0.4500","5541"
"1150624","6446","亥航","2793681","3178452735","1085.00","1180.00","1085.00","1160.00","65.0000","5968"
"1150624","6449","粹","2034269","758117860","370.50","383.00","359.00","376.00","-6.0000","3426"
"1150624","6451","閮-KY","7621375","4747744769","589.00","643.00","589.00","631.00","35.0000","11431"
"1150624","6456","GIS-KY","6096264","447192139","70.60","75.20","70.30","73.70","2.0000","4445"
"1150624","6464","唳貊","1354","105047","77.70","77.70","77.70","77.70","-0.3000","8"
"1150624","6472","靽","1237489","546631556","443.50","448.00","437.00","443.50","4.0000","2481"
"1150624","6477","摰","310876","9836400","31.45","32.10","31.10","31.80","0.2500","282"
"1150624","6491","嗥◣","413436","134051054","322.00","327.00","322.00","326.00","0.5000","556"
"1150624","6504","","89090","3239870","36.10","36.95","36.00","36.50","0.3000","86"
"1150624","6505","啣","15007444","812956931","52.10","55.30","51.00","55.20","3.1000","8144"
"1150624","6515","蝛撏","319450","2984488555","9405.00","9615.00","9005.00","9500.00","50.0000","4645"
"1150624","6525","瑟-KY","9062327","1505374938","166.00","173.50","160.00","166.00","-4.5000","19545"
"1150624","6526","","812201","565037262","690.00","709.00","682.00","706.00","9.0000","2194"
"1150624","6531","*","4954383","5237534180","1080.00","1095.00","1015.00","1070.00","20.0000","9309"
"1150624","6533","嗅蝘","344295","69905303","204.00","205.50","201.50","204.50","-2.0000","555"
"1150624","6534","甇-","40215","3706286","92.70","92.70","91.80","91.80","-0.4000","47"
"1150624","6541","瘜啁-KY","901816","40420039","44.00","45.60","43.50","45.25","1.4000","756"
"1150624","6550","璆菜交平-KY","1260121","16858618","13.05","13.60","12.90","13.55","0.4500","705"
"1150624","6552","舫","284621","8983812","31.65","32.05","31.00","31.55","-0.1500","579"
"1150624","6558","賡","436862","13098486","30.25","30.40","29.75","29.90","-0.7500","416"
"1150624","6573","寞-KY","3347587","68585668","18.45","21.50","17.85","21.50","1.9500","4613"
"1150624","6579","","333645","52618374","156.50","159.50","156.00","158.50","0.0000","418"
"1150624","6581","潸","7838","840836","108.50","108.50","107.00","107.00","-1.5000","28"
"1150624","6582","唾","152160","4986631","32.15","33.35","32.05","32.55","0.3500","212"
"1150624","6585","曌","1209809","171588678","141.00","145.50","139.50","142.00","-2.5000","890"
"1150624","6589","啣熒","1258859","59039443","46.40","47.45","46.05","47.10","0.5500","1010"
"1150624","6591","-KY","123009","6697394","54.20","54.90","54.00","54.70","0.5000","156"
"1150624","6592","瞏支璆","970774","63447066","65.50","65.80","64.80","65.10","-0.4000","806"
"1150624","6592A","瞏支璆剔脩","18698","1837144","98.20","98.40","98.20","98.40","0.4000","16"
"1150624","6592B","瞏支璆凋","12093","1181418","97.70","97.80","97.70","97.80","0.1000","64"
"1150624","6598","ABC-KY","73568","1715083","23.30","23.80","23.10","23.20","-0.2500","111"
"1150624","6605","撣撖","317879","44069933","137.00","139.50","136.50","139.50","2.0000","375"
"1150624","6606","撱箏噸撌交平","92231","2267532","24.80","24.80","24.50","24.70","-0.1000","48"
"1150624","6614","鞈摰摰","82770","3282923","39.50","39.90","39.50","39.70","-0.2500","80"
"1150624","6625","敹","116074","9043671","78.20","78.20","77.70","77.70","-0.5000","161"
"1150624","6641","箏ㄚ敺-KY","75164","1387501","18.85","18.85","18.20","18.25","0.0000","36"
"1150624","6645","祆-","113955","1849244","17.10","17.10","16.00","16.00","-0.1500","127"
"1150624","6655","蝘摰","10096","1228119","122.00","122.50","121.00","122.50","-2.0000","19"
"1150624","6657","臬","138329","4886756","35.10","35.80","35.05","35.35","0.1000","110"
"1150624","6658","舐","923237","174339935","182.00","193.50","181.00","188.00","0.5000","913"
"1150624","6666","蝢暻-KY","27003","1163980","43.25","43.30","42.95","43.30","0.0000","22"
"1150624","6668","銝剜","966688","40832609","41.70","43.55","41.35","42.00","-0.5000","801"
"1150624","6669","蝺舐","1371581","6280533110","4600.00","4645.00","4530.00","4605.00","-70.0000","25230"
"1150624","6670","敺拍","3689024","916314457","259.00","262.50","244.00","244.00","0.0000","4440"
"1150624","6671","銝-KY","7329","182127","24.85","25.00","24.85","25.00","0.1500","11"
"1150624","6672","擉啗餃-KY","6881968","1767856930","246.00","264.50","245.50","263.50","14.5000","7683"
"1150624","6674","撖嗥","15000","258700","17.65","17.65","17.05","17.15","-0.5000","15"
"1150624","6689","隡脰健","134662","8910733","66.40","66.80","65.80","66.60","0.2000","166"
"1150624","6691","瘣箏極蝔","1353116","996310746","701.00","764.00","694.00","758.00","46.0000","3122"
"1150624","6695","舫","12353029","837844510","62.50","68.90","62.20","68.90","6.2000","10003"
"1150624","6698","剜","2932946","137710165","43.30","48.45","42.90","47.75","3.6500","2836"
"1150624","6706","","1951320","311959241","160.00","163.00","157.50","160.00","-3.5000","2321"
"1150624","6715","","1335197","722456270","552.00","569.00","513.00","513.00","-56.0000","2602"
"1150624","6719","","14515036","4280717761","275.00","305.00","275.00","297.50","20.0000","14463"
"1150624","6722","頛","154543","5442695","36.20","36.20","34.50","35.00","-1.0000","132"
"1150624","6742","瞉斤掖","6325070","451205673","70.00","74.40","68.80","70.30","-0.6000","5944"
"1150624","6743","摰格","422276","12564927","30.30","30.40","29.20","29.85","0.0500","309"
"1150624","6753","樴敺琿","460747","57621725","124.50","127.00","124.00","125.00","-1.0000","552"
"1150624","6754","臬閮剛","19322","880243","45.55","45.80","44.60","45.40","-0.1000","39"
"1150624","6756","憡餃","223610","23035385","101.50","106.00","101.00","104.00","-1.0000","477"
"1150624","6757","啁","8544433","535468770","61.30","64.30","60.70","62.80","1.5000","6325"
"1150624","6768","敹撘-KY","272149","23515601","86.50","87.80","85.80","85.80","-1.4000","569"
"1150624","6770","蝛","469917030","38821173558","78.00","85.70","77.20","85.70","7.1000","225269"
"1150624","6771","撟喳唬-","82639","3452110","42.00","42.00","41.60","41.95","-0.1000","59"
"1150624","6776","撅蝣","528091","30617508","58.30","58.40","57.70","57.80","-0.5000","442"
"1150624","6781","AES-KY","630936","728907200","1160.00","1170.00","1145.00","1165.00","-5.0000","2399"
"1150624","6782","閬","171708","33346744","194.00","195.50","192.00","194.50","0.5000","224"
"1150624","6789","","3933031","2177227179","545.00","570.00","537.00","546.00","-6.0000","7559"
"1150624","6790","瘞貉撖","112018","4496125","40.10","40.30","39.85","40.05","-0.1500","114"
"1150624","6792","閰璆","94422","6256395","67.40","67.40","65.60","65.90","-1.5000","118"
"1150624","6794","璁桃","27072","2125271","79.50","79.50","78.00","78.90","-0.3000","28"
"1150624","6796","撘","41326","2414337","59.00","59.00","58.20","58.20","-1.0000","54"
"1150624","6799","靘","1447765","153858753","104.50","108.50","104.00","106.50","1.5000","1197"
"1150624","6805","撖銝","782503","1396719880","1750.00","1830.00","1730.00","1805.00","40.0000","3184"
"1150624","6807","撜唳-KY","19021","632116","33.65","33.80","32.80","33.80","0.6000","20"
"1150624","6830","瘙","402009","223332178","542.00","572.00","538.00","554.00","-6.0000","1379"
"1150624","6831","蝘","1823901","1547943549","820.00","885.00","800.00","852.00","22.0000","4086"
"1150624","6834","憭拐蝘","5845270","678722541","110.50","122.50","107.00","122.50","11.0000","3927"
"1150624","6835","鋆","57036","2086364","36.15","36.95","36.10","36.35","-0.1500","49"
"1150624","6838","唳啗","156219","3730388","23.70","24.00","23.70","23.85","0.1000","113"
"1150624","6854","澆萇-KY","494597","62040967","126.00","127.50","124.00","126.00","-2.0000","621"
"1150624","6861","輻","901819","324685588","356.00","374.50","348.50","353.00","-5.0000","1092"
"1150624","6862","銝-KY","1081793","218244775","202.00","205.50","197.00","205.00","1.5000","1335"
"1150624","6863","瘞賊-KY","112973","10503419","92.50","93.60","92.40","93.30","-0.2000","151"
"1150624","6869","脰措賣","423344","32260603","76.60","77.30","75.60","76.10","-0.5000","589"
"1150624","6873","瘜敺瑁賣","345747","27930024","80.00","81.80","79.70","81.80","1.4000","338"
"1150624","6885","函","407372","8669868","21.40","21.50","21.00","21.35","0.0000","280"
"1150624","6887","撖嗥-KY","35225","1269044","37.05","37.05","35.30","35.90","-1.1000","39"
"1150624","6890","靘-KY","267900","64232442","239.00","240.50","239.00","240.50","2.5000","352"
"1150624","6901","賜單鞈","2548661","43647691","17.00","17.40","16.65","17.25","0.3000","1385"
"1150624","6902","GOGOLOOK","220849","30024612","141.50","141.50","133.50","138.00","0.0000","356"
"1150624","6906","曇蝘","268185","23437789","86.80","89.00","86.00","88.80","0.8000","237"
"1150624","6908","摰蝣-","17199","663659","38.90","39.10","38.20","38.50","-0.4000","97"
"1150624","6909","菜","10190493","621451029","57.30","64.50","56.50","60.40","-1.0000","7433"
"1150624","6914","暸","43331","6155943","142.50","143.00","141.50","141.50","-1.5000","139"
"1150624","6916","臬","77667","1668565","21.35","21.85","21.00","21.55","0.4500","68"
"1150624","6918","瘣曉","30201","2227850","74.80","74.80","72.60","73.50","0.3000","36"
"1150624","6919","摨琿*","8998364","942313631","107.00","110.00","102.50","104.00","-4.0000","6182"
"1150624","6921","冽-","83164","5959444","70.00","74.90","68.70","71.00","1.0000","70"
"1150624","6923","銝剖","113789","8745060","78.00","78.00","76.20","76.90","-1.3000","114"
"1150624","6924","璁格-KY","17913","2258071","126.50","128.00","123.00","123.00","3.5000","29"
"1150624","6928","豢陸蝘","110349","5468317","49.70","50.30","48.95","49.50","0.3000","104"
"1150624","6931","曉亙熒","51888","2080822","40.00","40.35","39.95","40.20","0.1000","49"
"1150624","6933","AMAX-KY","132252","19790056","149.00","152.00","148.50","150.00","-2.5000","268"
"1150624","6934","敹隤","41912","2799894","67.20","67.20","66.30","67.00","-0.2000","55"
"1150624","6936","瘞賊暑","23114","755069","32.35","32.90","32.35","32.60","0.0000","16"
"1150624","6937","憭抵","207658","56981357","270.50","278.00","270.50","273.50","-3.5000","434"
"1150624","6944","臬祕璆","700539","704823161","1040.00","1045.00","989.00","999.00","-61.0000","3005"
"1150624","6949","瘝曄-","172420","143129844","834.00","860.00","809.00","860.00","27.0000","323"
"1150624","6951","-","21244","1642832","77.40","77.50","77.30","77.30","-0.4000","42"
"1150624","6952","憭扳郎撅","37251","1328463","35.60","35.90","35.55","35.90","0.0500","25"
"1150624","6955","衣輻-","4205","534021","126.00","127.50","126.00","127.50","1.0000","18"
"1150624","6957","鋆-KY","47785","8998112","187.00","190.00","184.50","189.00","2.0000","57"
"1150624","6958","亦圈尿","80118","1395121","17.10","18.15","17.10","17.45","0.2000","94"
"1150624","6958A","亦圈尿脩","100","1825","0.00","0.00","0.00","0.00","0.0000","1"
"1150624","6962","憟-KY","4715355","186344963","38.80","40.10","38.50","39.90","0.9000","2761"
"1150624","6965","銝剖-KY","67275","5401483","80.20","82.00","79.10","80.90","0.5000","41"
"1150624","6969","靽∪祕璆*-","21029","535491","25.55","25.60","25.40","25.60","0.0000","20"
"1150624","6988","憡-","34040","466698","13.75","13.85","13.60","13.65","-0.2000","28"
"1150624","6994","撖憡餃","362050","18704736","51.30","52.30","51.20","51.90","0.6000","297"
"1150624","7610","臬撅-","156512","373226850","2315.00","2425.00","2315.00","2360.00","-55.0000","1349"
"1150624","7631","鞈Ｙ-","278819","41097544","137.50","150.00","137.50","150.00","12.5000","293"
"1150624","7705","銝擗憌","39910","1270196","31.90","31.90","31.65","31.75","-0.1000","59"
"1150624","7711","瘞豢","316575","108722447","331.00","350.00","331.00","348.50","8.5000","631"
"1150624","7721","敺桃撘","366625","26518704","71.30","73.10","71.30","72.80","-0.2000","396"
"1150624","7722","LINEPAY","209578","63476129","303.00","306.50","300.00","301.00","-5.0000","694"
"1150624","7730","-","102695","18822388","184.50","187.00","179.50","182.50","-3.0000","103"
"1150624","7732","蝎曉","22010","786810","35.70","36.00","35.50","36.00","0.3000","13"
"1150624","7736","撅","21209","1519426","72.60","72.60","70.90","72.10","-0.5000","22"
"1150624","7740","寧-","117520","18166496","154.50","156.00","154.00","154.00","-1.5000","182"
"1150624","7749","擉-KY","265139","124766146","479.50","479.50","463.50","470.50","-6.5000","720"
"1150624","7750","唬誨","135689","292087100","2165.00","2190.00","2085.00","2165.00","0.0000","980"
"1150624","7760","鈭急澈擐","66515","2145499","31.85","32.50","31.80","32.30","-0.4000","90"
"1150624","7765","銝剛航摰","91628","20488829","224.00","225.50","222.00","223.50","-4.0000","316"
"1150624","7768","蝘","235236","81930231","355.00","355.00","345.00","347.50","-13.0000","743"
"1150624","7769","暾餃","623931","4166753640","6635.00","6765.00","6605.00","6755.00","-55.0000","9754"
"1150624","7780","憭抒*","1115637","20417718","18.20","18.55","18.05","18.25","0.0500","578"
"1150624","7786","望寥◢","174683","21880719","127.00","127.00","123.50","125.00","-1.5000","176"
"1150624","7788","曉蝎曉","1901734","512162110","275.50","278.50","263.00","265.00","-13.5000","2822"
"1150624","7791","摰嗅臬","34370","2133287","61.90","62.40","61.90","62.00","0.1000","41"
"1150624","7795","瑕誨","605442","250269445","420.00","431.50","400.00","410.00","-21.5000","3611"
"1150624","7799","蝳暹旨蝘","2457243","1062476433","430.00","453.00","408.00","413.00","-11.5000","5062"
"1150624","7803","脰情蝘-","193359","4309840","22.50","22.50","22.15","22.25","-0.2500","101"
"1150624","7818","皞Ｘ陸撖行平","192342","12164665","63.60","63.70","62.70","63.50","-0.4000","346"
"1150624","7821","蟡","158515","6837985","42.50","43.35","42.50","43.15","-0.1000","143"
"1150624","7822","拍","612276","776419700","1180.00","1320.00","1160.00","1280.00","80.0000","3858"
"1150624","7823","憟抒儔鞈賢-KY","58549","4685583","81.50","81.50","79.50","80.20","-0.1000","69"
"1150624","7827","瞍Ｗ熒-KY","297488","47691181","161.00","162.50","158.00","160.00","-1.0000","218"
"1150624","8011","圈","483614","8497510","17.50","17.75","17.40","17.60","0.0000","367"
"1150624","8016","賢","3079705","975605566","310.00","327.00","308.00","315.00","-5.5000","4183"
"1150624","8021","撠暺","1634029","898386663","555.00","571.00","539.00","570.00","3.0000","3778"
"1150624","8028","賢撠擃","4357162","1336797650","302.00","314.00","300.00","309.50","-0.5000","5381"
"1150624","8033","瑁","3366189","472239635","139.00","144.00","137.50","140.00","-1.0000","6820"
"1150624","8039","啗","4224884","619346044","143.00","151.00","142.50","148.00","2.5000","4030"
"1150624","8045","","101789","6214804","59.20","62.40","59.20","62.40","0.9000","198"
"1150624","8046","","24693365","22817592612","906.00","956.00","887.00","955.00","46.0000","55243"
"1150624","8070","瑁*","17103389","997798574","58.70","59.70","57.00","57.80","-0.8000","10761"
"1150624","8072","瘜","1430762","44726622","30.40","32.20","30.40","30.85","0.2500","1053"
"1150624","8081","湔","1853683","597770218","312.50","334.00","310.00","326.00","8.0000","2496"
"1150624","8101","臬","22106","300344","13.55","14.20","13.50","14.20","0.4500","32"
"1150624","8103","","668175","64583086","96.00","98.40","95.50","98.30","0.9000","811"
"1150624","8104","詨窄","1333972","53373067","39.30","40.55","39.30","40.10","0.0000","1000"
"1150624","8105","撌","36347839","841875643","21.15","23.50","21.10","23.50","2.1000","12086"
"1150624","8110","舀","9458276","539546249","56.70","58.30","56.30","57.50","-1.0000","6845"
"1150624","8112","喃","12052857","1147386769","94.40","96.50","93.80","95.80","0.0000","9185"
"1150624","8112A","喃脩","26235","1226998","46.80","46.85","46.70","46.85","0.0500","14"
"1150624","8114","舀那","1113643","229235206","207.50","209.50","202.00","208.50","1.5000","1172"
"1150624","8131","蝳蝘","4101215","300992125","73.20","74.90","71.80","74.90","0.1000","3439"
"1150624","8150","","37179320","3780400624","103.00","106.00","98.40","103.00","-3.5000","22802"
"1150624","8162","敺桃賡餃-","1256819","104947274","80.60","86.00","79.50","85.00","2.4000","1258"
"1150624","8163","","1986315","84699427","41.95","43.35","41.65","43.00","0.5000","1605"
"1150624","8201","⊥","55454","725489","13.05","13.20","13.00","13.10","0.0500","45"
"1150624","8210","方","1080218","1417665680","1310.00","1335.00","1285.00","1325.00","15.0000","4424"
"1150624","8213","敹頞","637362","23658279","36.40","37.75","36.40","37.30","0.2500","451"
"1150624","8215","箸","3472413","105912332","29.65","31.65","29.45","30.25","0.2500","3487"
"1150624","8222","撖嗡","266110","9460485","35.20","36.20","35.10","35.55","0.0500","250"
"1150624","8249","勗","402743","20057455","49.75","50.20","49.50","49.85","0.0000","368"
"1150624","8261","撖曌","33335694","8488012857","249.50","268.50","240.00","246.50","-13.5000","32646"
"1150624","8271","摰","1720975","348279460","200.50","206.50","199.50","203.50","-2.0000","2228"
"1150624","8341","亙","465028","36494490","79.00","79.00","78.00","78.30","-1.0000","2427"
"1150624","8367","撱箸啣","50238","2018670","40.30","40.35","40.05","40.20","-0.2500","40"
"1150624","8374","蝢","392721","35619888","89.50","91.60","89.20","91.10","0.7000","403"
"1150624","8404","曉璆-KY","314718","5192153","16.50","16.70","16.40","16.45","-0.2500","279"
"1150624","8411","蝳鞎-KY","72971","875216","12.05","12.05","11.90","12.00","0.0500","78"
"1150624","8422","臬祐銵*","8111930","233322217","28.80","29.15","28.55","28.65","-0.3500","4930"
"1150624","8429","暻-KY","192623","1221437","6.30","6.40","6.26","6.34","-0.0100","157"
"1150624","8438","嗆","3272082","323217981","100.50","102.50","93.10","97.10","-3.9000","2781"
"1150624","8442","憡摰-KY","40033","1617490","40.10","40.60","40.05","40.60","0.0500","35"
"1150624","8443","輻","15889","182041","11.45","11.45","11.40","11.45","-0.0500","80"
"1150624","8454","撖血","872345","295364306","330.00","348.00","330.00","348.00","18.0000","1400"
"1150624","8462","","199082","27122456","138.50","138.50","135.50","135.50","-3.0000","224"
"1150624","8463","瞏斗陸","95024","2024463","21.65","21.65","21.25","21.50","0.1500","49"
"1150624","8464","鞊","808545","282823621","343.50","353.00","341.00","348.50","5.0000","850"
"1150624","8466","蝢-KY","29908","475917","15.80","16.00","15.80","16.00","0.4000","38"
"1150624","8467","瘜Ｗ-KY","11253","1376125","123.50","123.50","122.00","122.00","-1.5000","14"
"1150624","8473","撅望瘞","1713271","87687824","50.80","52.30","50.00","50.40","-0.4000","1807"
"1150624","8476","啣*","2989181","70027426","22.80","23.95","22.75","23.50","0.5000","1495"
"1150624","8478","勗仿","142675","21611859","151.00","152.00","151.00","152.00","0.0000","206"
"1150624","8481","蹂撓","9033","378328","41.90","41.90","41.80","41.90","-0.2000","10"
"1150624","8482","-KY","284","14540","0.00","0.00","0.00","0.00","0.0000","2"
"1150624","8487","暸-","15745","1234262","77.70","78.80","77.70","78.80","0.0000","44"
"1150624","8488","皞-KY","4464","44831","10.20","10.20","10.15","10.15","-0.2500","10"
"1150624","8499","曌-KY","72702","22436801","310.50","315.50","303.00","305.00","-7.0000","1955"
"1150624","8926","唳掃","8481706","695575320","82.20","83.80","80.80","81.90","-0.3000","10381"
"1150624","8940","啣予","72810","1211011","16.60","16.70","16.50","16.70","0.0500","168"
"1150624","8996","擃","859746","1235711790","1415.00","1500.00","1375.00","1450.00","0.0000","2971"
"1150624","9103","蝢敺琿怎-DR","1231146","6467569","5.33","5.33","5.20","5.23","-0.1100","367"
"1150624","910322","摨瑕葦-DR","7750","161535","20.90","20.90","20.75","20.90","0.1000","20"
"1150624","9105","瘜圈撖-DR","159571801","1570328862","9.05","10.00","8.95","10.00","0.8700","29017"
"1150624","910861","蟡撌-DR","54000","238870","4.40","4.47","4.40","4.47","0.0500","27"
"1150624","9110","頞-DR","36000","110200","3.20","3.30","2.90","3.30","0.0000","18"
"1150624","911608","頛-DR","68000","201870","3.01","3.01","2.86","2.95","0.0900","31"
"1150624","911622","瘜啗鈭-DR","11000","41700","3.84","3.85","3.75","3.80","-0.0200","9"
"1150624","911868","孵-DR","208000","260100","1.26","1.26","1.24","1.26","0.0100","47"
"1150624","912000","刻蝘-DR","192000","512740","2.69","2.70","2.64","2.67","-0.0100","76"
"1150624","9136","撌券辰-DR","601363","9582641","15.80","16.30","15.75","15.90","-0.3500","240"
"1150624","9802","粹-KY","412078","30710430","74.00","75.00","73.90","74.90","0.3000","366"
"1150624","9902","啁","81723","1114798","13.70","13.70","13.55","13.65","0.0500","74"
"1150624","9904","撖嗆","18187408","472034850","26.00","26.05","25.85","25.95","-0.0500","5943"
"1150624","9905","憭扯","94452","1982853","20.95","21.05","20.90","21.05","0.0500","61"
"1150624","9906","甈撌游毀","168457","7186816","43.00","43.45","42.00","42.75","0.0500","213"
"1150624","9907","蝯曹撖","6997263","105618698","15.10","15.20","15.00","15.05","-0.1000","3143"
"1150624","9908","憭批啣","154366","4589601","29.80","29.85","29.65","29.80","0.0000","147"
"1150624","9910","鞊瘜","2610529","187138631","71.30","72.60","70.50","71.80","0.4000","2635"
"1150624","9911","瑹餉","182518","15128997","82.60","83.30","82.60","82.80","0.2000","266"
"1150624","9912","","66403","828043","12.60","12.65","12.25","12.45","-0.1500","173"
"1150624","9914","蝢拚","944575","67422556","71.70","72.10","70.80","71.50","-0.6000","821"
"1150624","9917","銝凋蝘","3151219","337689908","110.00","110.00","106.00","106.00","0.0000","3914"
"1150624","9918","甈憭拍","31445","1360564","43.05","43.65","43.00","43.55","-0.1000","86"
"1150624","9919","摨琿擐","570610","7884954","13.85","13.90","13.75","13.90","0.0000","292"
"1150624","9921","撌典之","775116","56867898","73.80","74.10","72.70","73.60","-0.1000","867"
"1150624","9924","蝳","222614","8928890","40.30","40.30","40.00","40.20","-0.1500","249"
"1150624","9925","唬","251733","10212432","40.45","40.75","40.45","40.50","-0.1000","239"
"1150624","9926","唳絲","40077","1984390","48.85","49.95","48.50","49.85","-0.0500","27"
"1150624","9927","瘜圈","51872","3595046","69.40","69.50","69.10","69.40","0.0000","453"
"1150624","9928","銝剛","34105","634718","18.90","18.90","18.55","18.55","-0.2000","139"
"1150624","9929","蝘","29200","329800","11.35","11.55","11.00","11.45","-0.1000","28"
"1150624","9930","銝剛航皞","349787","23309944","66.10","67.20","65.90","67.00","0.0000","393"
"1150624","9931","甈擃","30310","1060080","34.60","35.30","34.60","35.10","0.3000","76"
"1150624","9933","銝剝","2818579","120385738","42.80","43.15","42.40","42.90","-0.4000","2349"
"1150624","9934","","1062047","10679892","10.10","10.15","9.98","9.98","0.0000","343"
"1150624","9935","嗉撖","156044","2976101","19.05","19.15","19.05","19.10","-0.1000","116"
"1150624","9937","典","89549","4961359","55.80","55.80","54.90","55.30","-0.1000","53"
"1150624","9938","曉","1115021","49069942","43.85","44.30","43.65","44.10","0.1500","543"
"1150624","9939","摰","1001401","129178235","130.00","130.00","128.00","128.50","-3.0000","1308"
"1150624","9940","靽∠儔","609629","11691899","19.20","19.30","19.05","19.20","-0.0500","308"
"1150624","9941","鋆","1154037","93070532","80.50","81.40","80.10","80.70","-0.3000","1123"
"1150624","9941A","鋆脩","54582","2752700","50.50","50.50","50.40","50.50","0.0000","14"
"1150624","9942","","125510","14760471","118.00","118.50","117.00","117.00","-1.0000","208"
"1150624","9943","憟賣餈","56673","3236285","57.20","57.30","56.50","57.10","0.0000","67"
"1150624","9944","圈","46962","844357","18.15","18.15","17.80","17.85","-0.0500","66"
"1150624","9945","瞏斗陸","7824061","209759094","26.85","27.15","26.55","26.60","-0.4000","3438"
"1150624","9946","銝澆啁","762312","14952408","19.45","19.80","19.40","19.75","0.1000","387"
"1150624","9955","雿喲","229325","6161139","27.00","27.15","26.70","26.85","0.0000","385"
"1150624","9958","銝蝝","1614299","186242401","115.50","117.50","114.00","115.00","-1.0000","1579"
